	weight_1	weight_2	weight_3	weight_4	weight_5	weight_6	weight_7
YPR182W_YOL039W	0.0105403114178809	0.00736756776272948	0	0	0.0107999820877728	0.00742336554343465	0.00720689986274494
snR18_snR39	0.184635135738049	0.118016287863027	0.124896372039276	0.14927955524917	0.172049412103885	0.206599166562072	0.182845728091289
YLR402W_YGR063C	0.00907650987648153	0.00833478133274826	0.00745340283412968	0	0.0169030266348217	0.0134599119618231	0.0157247179284897
YLR402W_YPL098C	0.00944520308384465	0.00941961704925955	0	0	0.0126655071047437	0	0
YLR402W_YML129C	0.0342012474142006	0.0353604301070437	0.0339679351832532	0.0396645116143525	0.0411650543620488	0	0
YLR402W_YDR276C	0.0245355727094031	0.0232559428746157	0.0214773483802264	0.0226275328800516	0.0503145130691003	0.034074599043876	0.0393906583442839
YLR402W_snR161	0.0080926477512966	0	0	0	0.0107211020383276	0	0
YLR402W_YPL136W	0.0100115750818757	0.00892143490572928	0.00763270867862709	0	0.0115478791812493	0	0
YLR402W_snR128	0.0252811841171665	0	0	0	0.032872413653714	0.0366560953511731	0.0513489936786739
YDL061C_snR62	0.00945395438946565	0	0	0	0.0102494652469315	0	0
snR76_snR54	0.014116846525044	0	0	0	0.0195755987043152	0	0
YML129C_YDL061C	0.03731843419361	0.0399145146910405	0.0455034682691643	0.0435327968075019	0.0385128763544477	0	0
YML129C_YLR185W	0.0164518152162321	0	0	0	0.0151644243784537	0	0.00543385489381307
YDR276C_YLR402W	0.0246125312937861	0.0229119493202243	0	0	0.0497569522138966	0.033813344873988	0.0389626625035502
YDR276C_YML129C	0.0273142092487234	0.0307028890788634	0	0.0326986265687036	0.0433366113127105	0	0
snR40_YDL067C	0.0256308044564759	0.0155952156551018	0	0	0.0121489592005011	0	0
snR39_snR18	0.180879785450929	0.115364741371401	0.119495715530745	0.146133059089427	0.172256436771327	0.206356522206158	0.185452329073319
snR39_snR70	0.012240323204738	0	0	0	0.015140303282789	0.011712338714517	0
snR79_snR64	0.114715444075777	0.0856313720882962	0	0	0.0797507690257347	0	0
YPR182W_YLR402W	0	0.0254213960024019	0.0247903142266866	0	0.0480847206085284	0.0385062195386234	0.0391677340573215
YPR182W_YPL136W	0	0.00766845699798794	0.00797927387956741	0.00799532863622935	0.0109591521194412	0	0.00769199062912494
YPR182W_YDR193W	0	0.00764481280183357	0	0	0.0102153823065822	0.00682992470087061	0.0068415831397792
YPR182W_YOR146W	0	0.00728731146055452	0.00756786372087849	0.00788304178424292	0.0135652506758374	0	0.00706893316197073
YPR182W_YJR034W	0	0.00784052574594119	0.00786458592711222	0.00797136356928132	0.0116865138399791	0	0.00882181379084048
YPR182W_YPL271W	0	0.0107663822784136	0.011001544449942	0.0108872689804068	0.0171645645571737	0.0126103565675934	0.0126762436508196
YDL232W_snR87	0	0.102190293367814	0	0	0.0905859307488944	0.087906925031628	0.0744374054354003
YDL232W_YBL001C	0	0.0122295402383698	0.0137342148316373	0.0125133226751064	0.0180159571477092	0	0
YDL232W_YNL145W	0	0.0309211048350792	0.0328190100129131	0.0294683461210179	0.0673722951377199	0.0390726220124311	0.0548290451269491
YDL232W_snR43	0	0.0118723121779281	0.0136967755263198	0	0.0174285471054816	0	0
YDL232W_snR55	0	0.0629093141305242	0.0658744246519807	0.0712384051100184	0.0604045416674476	0	0
YDL232W_snR39	0	0.140071609102842	0.132576915543858	0.138209287300002	0.201085369270482	0.200156495081639	0.210271642963166
snR18_YIL008W	0	0.00655814778164682	0	0	0.0103022203600215	0.0120998136749487	0
snR18_snR69	0	0.0504873735667527	0.0430854383880282	0	0.0728889507894696	0.0811478715650294	0
snR18_YOR167C	0	0.0173316046852985	0	0	0.0283896948202344	0	0
YLR402W_YDR193W	0	0.00781133632426231	0	0.0100105455719709	0.0110264211606082	0	0
YLR402W_YGL030W	0	0.00711190897589898	0.00689164497608269	0.00763507515351829	0.0100022788449673	0	0
YLR402W_YOR302W	0	0.0346088921099838	0.0354275048378714	0	0.0489449818000944	0.0597665270787718	0.0902347211850379
YLR402W_YOR146W	0	0.00779842938996269	0.00769901520224388	0.0076636633140842	0.0150964198793861	0	0
YLR402W_YJR034W	0	0.00825687847142766	0.00783649508964262	0	0.0125655835852768	0	0
YLR402W_YER058W	0	0.00642228447457735	0.00617266781639105	0.00738994992125375	0.0107528902305931	0.00882781922400439	0.0103167200930371
YLR402W_YMR256C	0	0.00899019818114502	0.00800684612390615	0.00933121067358756	0.0189616734258748	0.0199654805221785	0.024404551851982
YLR402W_YJR085C	0	0.0087939472582117	0	0.00994057264931536	0.0176935934400576	0.0173319306016629	0.0214968069458935
YLR402W_YPL271W	0	0.0116454880031751	0.0110944193066218	0.010197048738468	0.0183498700725971	0.0163773542197409	0
YML129C_YDR276C	0	0.0311279899314703	0.0316090071056147	0.0339268407238651	0.0446753513264621	0	0
YML129C_YGR105W	0	0.0164286637971753	0	0.0162337279602075	0.0148973085189636	0	0
snR128_snR40	0	0.0312444783187255	0.0376635745559175	0.028779640385867	0.0201421498026824	0	0
snR128_YLR264W	0	0.0175815721384262	0	0	0.0103847375743437	0	0
snR40_YJL205C	0	0.0186373145365553	0.0244402345753253	0	0.0135043864301848	0.0162877547521919	0.0139819458693279
snR40_snR128	0	0.0303773518812901	0.0359222218788075	0.0281988417797353	0.0198185946466653	0	0.0249291309230885
snR40_YLR388W	0	0.0167218214200142	0.0214559394238165	0	0.010522966435472	0	0
snR40_YLR264W	0	0.0156011582933785	0.0171918595849722	0	0.0118427321199523	0	0.0114956156595855
snR40_YKR057W	0	0.0235183682360388	0.0304846200329935	0	0.0151143795152291	0.0162467199960852	0.0131801860407976
snR40_snR85	0	0.0215663844446076	0.0237472146450607	0	0.0131422117933668	0.0168440536773192	0.0147325814404286
YOR302W_YPR182W	0	0.0326517832375277	0	0	0.046440460735094	0.0438215685281605	0
YOR302W_YBR252W	0	0.00999992614429563	0.0109992594916861	0	0.0123406966303494	0	0
YOR302W_YLR062C	0	0.010806711330393	0.0119974068593884	0	0.0137003763249898	0	0
YOR302W_YLR402W	0	0.0332945398629484	0	0	0.0452527828409737	0.0575609766723421	0.0896657244288589
YOR302W_YDL061C	0	0.0340381066102165	0.0396270550404834	0.0429413519988687	0.0467860797970947	0	0
YOR302W_YDR276C	0	0.0258536672102677	0.0298020184197206	0	0.0446975421278226	0.0371996196451514	0
YOR302W_snR75	0	0.0151070355330204	0.0183365394221421	0	0.0232242435969592	0	0
YOR302W_snR13	0	0.0126281510796583	0.0139841375596231	0.0155447217415155	0.0162104292525101	0	0
YOR302W_YLR185W	0	0.0144355406341914	0.01562754040307	0	0.0181267597333221	0	0
YOR302W_YIL052C	0	0.0090028486336626	0.00994391888567553	0.0106591082115332	0.0107066118968507	0	0
YOR302W_YGR105W	0	0.0130535415581787	0.0147146413310606	0	0.0177372916088763	0	0
YOR302W_YNL190W	0	0.0074283473976279	0.00849388538896996	0	0.0100555121657638	0	0
snR39_YDL232W	0	0.150597434331763	0.139291867679617	0.15345308464936	0.210629688473001	0.201356007988435	0.217614469654282
snR39B_snR79	0	0.0862169176856823	0.0978136215160315	0.103115690505646	0.159208523324648	0.0919391979265665	0.0533273369382538
snR79_snR76	0	0.128086385707431	0.119986575084654	0.104958478601758	0.0993158355503312	0	0
snR79_YBR113W	0	0.0199257720483213	0.0192246469274879	0	0.0124182870473908	0	0
snR79_snR39B	0	0.0902048932730771	0.0977814438284611	0.108968812988753	0.159744331064272	0.0913431129176414	0.0501795785695324
snR79_snR4	0	0.0122259348437855	0.0107613885706979	0	0.0119691759935625	0	0
YLR402W_YPR182W	0	0	0.0251310037180021	0.0267864729131813	0.0485672383207029	0.0387224446109973	0
snR24_YML058W	0	0	0.00397986188840211	0	0.0123906624825137	0	0
snR24_snR57	0	0	0.00369153774703122	0	0.0101652449847441	0	0
snR24_YLR110C	0	0	0.00700281591553194	0	0.0140166417246918	0	0
snR24_YMR002W	0	0	0.00972023874101595	0.00811975797268247	0.0184632468063223	0	0
snR24_YPL037C	0	0	0.00749984373128541	0	0.011395822126683	0	0
snR24_YGR236C	0	0	0.00484645842978492	0	0.0156110087453457	0	0
snR24_YDR210W	0	0	0.00593730737302816	0	0.0184087931692084	0	0
snR24_YDL181W	0	0	0.00611929289063554	0	0.0108813459696095	0	0
snR24_YBR016W	0	0	0.00733076629381616	0.0060133550846165	0.0152529557583043	0	0
snR24_YDR482C	0	0	0.00763431762236544	0	0.0109115283707929	0	0
snR24_snR8	0	0	0.00895453517517937	0	0.0170531619669326	0	0
snR24_YJR114W	0	0	0.00578523638276345	0.00572575922386414	0.0167772543183856	0	0
snR24_YDR377W	0	0	0.00455124771952252	0	0.010909862063719	0	0
snR24_YJR085C	0	0	0.00568661777924251	0	0.0136729377288181	0	0
snR24_YJL064W	0	0	0.0101777565419566	0	0.0135639939533864	0	0
snR24_YLR204W	0	0	0.00853897806092482	0.00637372073338494	0.0126863513010939	0	0
snR39_snR69	0	0	0.0500026428989868	0.0425439096512875	0.0750620858564518	0.0813895569614457	0
snR79_YPL135W	0	0	0.00935242501917341	0.0121633455011053	0.0112906852914238	0	0
YDL232W_snR73	0	0	0	0.0307602087372067	0.0336780148121082	0	0
YDL232W_snR66	0	0	0	0.036096194937443	0.0579886597354319	0	0
YDL232W_YNL244C	0	0	0	0.00879027366138098	0.0148759429380801	0	0
YDL232W_snR74	0	0	0	0.0438690085638085	0.0640019735402592	0.0271234886350127	0.0306461258404111
YDL232W_snR67	0	0	0	0.079757428809371	0.107934426134439	0	0
YDL232W_YNL015W	0	0	0	0.0158378923589214	0.0255667406399089	0.0211584117427657	0.0334974096608712
YDL232W_snR46	0	0	0	0.0161759932416543	0.0264962514027303	0	0
YDL232W_snR36	0	0	0	0.00993474297184415	0.0144129045328213	0	0
YLR402W_YDR134C	0	0	0	0.00573483624207363	0.0101832264872634	0	0
YLR402W_YDR139C	0	0	0	0.0062994587742799	0.010591681610852	0	0
YLR402W_YOL039W	0	0	0	0.00937333354592047	0.0118255377456016	0.00974304026374344	0
YLR402W_YJL064W	0	0	0	0.0145977257713969	0.0178560431554332	0	0
YLR402W_YLR204W	0	0	0	0.0121159306758498	0.0167654704344959	0	0
YLR402W_YAL044C	0	0	0	0.00771100387103126	0.0101631277037098	0	0
snR24_YGR063C	0	0	0	0.00424859191750203	0.0126392267850175	0	0
snR24_snR128	0	0	0	0.0124651999736904	0.0252064480605772	0	0
snR24_YDR476C	0	0	0	0.00473445887620892	0.0110981123819407	0	0
snR24_snR81	0	0	0	0.00747315567711517	0.0115834264964267	0	0
snR24_YOR146W	0	0	0	0.00396202880790432	0.0110914994813785	0	0
snR24_YMR256C	0	0	0	0.00534088563620183	0.0147004642323465	0	0
snR24_YPL271W	0	0	0	0.0058480264045481	0.0132772838894294	0	0
snR79_YDR461W	0	0	0	0.0398793083424063	0.0457160322482327	0.0321480988842879	0.0332694908272418
YDL232W_RNA170	0	0	0	0	0.0296457291347289	0	0
YDL232W_snR61	0	0	0	0	0.014152120354543	0	0
YDL232W_YIL008W	0	0	0	0	0.0160707533144564	0.013164071495201	0.0140921158200834
YDL232W_snR18	0	0	0	0	0.170980172649272	0.197701933450775	0.257393808084089
YDL232W_snR56	0	0	0	0	0.0155715472532216	0.00994925535691161	0.00901961760131876
YDL232W_snR69	0	0	0	0	0.0839455947339679	0.0818217533486746	0.0938109761384995
YDL232W_YDR276C	0	0	0	0	-0.082663035753538	0	0
YDL232W_YBL073W	0	0	0	0	0.0124123353704098	0.0123157592291436	0.0135041753735212
YDL232W_YML012W	0	0	0	0	0.0165729466705891	0	0
YDL232W_YOR282W	0	0	0	0	0.0189092405433019	0	0
YDL232W_snR38	0	0	0	0	0.0250107505435191	0.0265421447140571	0.0424922740124241
YDL232W_YGL041C	0	0	0	0	0.0136176456921386	0	0
YDL232W_snR6	0	0	0	0	0.0382283524785127	0.0168647156540677	0
YDL232W_snR72	0	0	0	0	0.0483420260671081	0.0326859415244401	0.0341850513128916
YDL232W_snR70	0	0	0	0	0.0186292304800039	0.0126522830489038	0
YDL232W_snR53	0	0	0	0	0.052001239347363	0	0
YDL232W_snR78	0	0	0	0	0.0451285984912987	0.0366978862449934	0.0626436218620941
YDL232W_snR14	0	0	0	0	0.0271256013606049	0	0
snR18_snR61	0	0	0	0	0.0105344255545479	0	0
snR18_YDL232W	0	0	0	0	0.175152757257781	0.198742442901678	0.262718758182356
snR18_snR56	0	0	0	0	0.0100831881845695	0.0110226518626875	0
snR18_snR87	0	0	0	0	0.0608150639615176	0	0
snR18_YOR282W	0	0	0	0	0.0129680871327017	0	0
snR18_YLL009C	0	0	0	0	0.0174932293712829	0.0178112080387802	0
snR18_snR70	0	0	0	0	0.0142729997788021	0	0
snR18_snR59	0	0	0	0	0.0376868301747198	0.0655033166741889	0
snR18_snR78	0	0	0	0	0.0300517235848933	0.0420103946224826	0
YLR402W_YDR511W	0	0	0	0	0.0104861162067136	0.0100157336113256	0
YLR402W_YML058W	0	0	0	0	0.015367223386864	0.0142444652638966	0
YLR402W_YLR110C	0	0	0	0	0.0177351562844935	0.0157892985963407	0.0156467431820639
YLR402W_YOR210W	0	0	0	0	0.0116395564425094	0	0
YLR402W_snR71	0	0	0	0	0.0202293880718997	0	0
YLR402W_YMR002W	0	0	0	0	0.0236540673205855	0.021180531191271	0.023572531983412
YLR402W_YDR476C	0	0	0	0	0.0140274235544911	0	0
YLR402W_YDL012C	0	0	0	0	0.0122412335313687	0	0
YLR402W_YPL037C	0	0	0	0	0.0143633483051157	0.0136330285231731	0
YLR402W_YGR236C	0	0	0	0	0.0196323495466805	0.0180961313823357	0
YLR402W_snR24	0	0	0	0	0.0446400254712893	0	0
YLR402W_YFR049W	0	0	0	0	0.0119691687002573	0	0
YLR402W_YGL106W	0	0	0	0	0.0128132926194132	0	0
YLR402W_YBR016W	0	0	0	0	0.0194631105623284	0.0171862107718352	0
YLR402W_YDR482C	0	0	0	0	0.0138161899727483	0	0
YLR402W_YMR174C	0	0	0	0	0.0118906089241576	0	0
YLR402W_YJR114W	0	0	0	0	0.0213365596737357	0.0190522648332213	0.0204615224796734
YLR402W_YNR042W	0	0	0	0	0.0120073050126268	0.0116531499997541	0.0134942274979606
YLR402W_YDL032W	0	0	0	0	0.0113232401306251	0.0100474165916618	0
YLR402W_YJR020W	0	0	0	0	0.0128153989674122	0	0
snR76_snR39B	0	0	0	0	0.0747827833529662	0	0
YML129C_YPR182W	0	0	0	0	0.0411403787344733	0	0.0163071985527851
YML129C_snR75	0	0	0	0	0.0215004397392669	0	0
YML129C_YOR302W	0	0	0	0	0.0561008579121491	0.0276060736604622	0.027362405172024
YML129C_snR13	0	0	0	0	0.0136655479591643	0	0
YDR276C_YPR182W	0	0	0	0	0.0437378944362874	0.0250177625516884	0.0251620482983656
YDR276C_snR74	0	0	0	0	-0.0204851050211947	0	0
YDR276C_snR53	0	0	0	0	-0.016573251402834	0	0
snR128_YJL064W	0	0	0	0	0.010822931993823	0.0110944918422244	0
snR128_YLR204W	0	0	0	0	0.0101850678230003	0.0116074093481906	0
snR128_YPL271W	0	0	0	0	0.0110915570794493	0.0121762742525436	0.0155005149095303
snR40_snR50	0	0	0	0	0.0135891620788801	0	0
snR40_snR59	0	0	0	0	0.0142014471053434	0.0159095670979404	0
YOR302W_snR77	0	0	0	0	0.0818148302475647	0	0
YOR302W_YML129C	0	0	0	0	0.0521263140752945	0	0
snR24_snR71	0	0	0	0	0.0159756865550836	0.037601006308083	0.0466404028330644
snR39B_snR76	0	0	0	0	0.0754714593346174	0	0
snR79_snR54	0	0	0	0	0.0427780329575624	0	0
snR79_snR60	0	0	0	0	0.0193859952224826	0	0
