	weight_1	weight_2	weight_3	weight_4	weight_5	weight_6	weight_7
snR77_YDL061C	0.0389705899376183	0	0	0.0739668829270314	0	0	0
snR77_YML129C	0.0457613336028126	0	0	0.0893109182502088	0	0	0
snR77_YDR276C	0.0357086596937868	0	0	0.0560585820893497	0	0	0
snR77_YDL184C	0.0552134838661273	0	0	0.0937397120815251	0	0	0
YDL232W_YLR333C	0.00654762267609579	0.0113870923205387	0.0121021305460467	0.0113135800899012	0	0	0
YDL232W_snR64	0.0606839464006097	0.0879628368241726	0.0899176922109426	0.0834976956744696	0	0	0
YDL232W_YDR016C	0.00783710740735134	0.0136864439815482	0.0141521331686671	0.0129313123937477	0	0	0
YDL232W_snR79	0.131172630416963	0	0.12899165827117	0.144828480415262	0	0	0
snR18_snR39	0.184635135738049	0.118016287863027	0.124896372039276	0.14927955524917	0.172049412103885	0.206599166562072	0.182845728091289
YLR402W_YLR185W	0.0138361884639273	0.0120392571437617	0.0106802780448276	0.0107383402728531	0.0130468802714867	0	0
YLR402W_snR65	0.0221566749537919	0.0202617734896001	0.0173292388554262	0.0187861575572764	0	0	0
snR87_snR39	0.112180092727721	0.0732924350131979	0.0840484039471606	0.126625258445613	0	0.0831764879741309	0
YML129C_YDL061C	0.03731843419361	0.0399145146910405	0.0455034682691643	0.0435327968075019	0.0385128763544477	0	0
YML129C_YDL184C	0.0472970184861454	0.0484824754488533	0.0494654336814441	0.0500252245994034	0	0	0
YML129C_snR65	0.0276266626453767	0	0.0285424950651428	0.0280766654693936	0	0	0
snR39_YIL008W	0.00993531544052284	0.00951071616515112	0.00982400291346279	0.012581692360381	0	0.0125285536704189	0
snR39_YJL205C	0.0472175640933675	0	0.0471408572394722	0.0572780324301522	0	0	0
snR39_snR18	0.180879785450929	0.115364741371401	0.119495715530745	0.146133059089427	0.172256436771327	0.206356522206158	0.185452329073319
snR39_snR87	0.114000106299134	0.0758394074134836	0.0865730322154882	0.127226886310558	0	0.0832095258318601	0
snR39_snR60	0.0187373851619466	0.029377311181351	0.0282412618519275	0.0305936054940934	0	0	0
snR39_snR128	0.0766713962985261	0.0729410261761864	0.0704629442925978	0.0566971815162044	0	0	0
snR39_YPL047W	0.0138939379145268	0.0141735171110061	0.0138221283191907	0.0149598232710808	0	0	0
snR39_snR40	0.0878165387297872	0	0.0766187500682446	0.0879270298291444	0	0	0
snR39_snR38	0.026257734915843	0.0455767095598464	0.0503010759670934	0.0577359739470038	0	0.0251293129515171	0
snR39_YOR302W	0.0869469222584387	0	0	0.0782210209629591	0	0	0
snR39_YKR057W	0.0510274311968408	0.0583077081815276	0.0623213930394455	0.0672884110593373	0	0	0
snR39_YDL067C	0.0606729878375622	0	0	0.0341771933288497	0	0	0
snR39_YLR230W	0.0167103886567729	0.0214420627234106	0.0222678287449728	0.0216161398966191	0	0	0
snR39_YJL136C	0.02632230658757	0.0239086899946925	0.0231840301067375	0.0199656462893991	0	0	0
snR39_snR72	0.0260013455649158	0.0386812172988238	0.0398682804713792	0.0518985507113415	0	0.0344975832032536	0
snR39_snR55	0.0681433361841691	0	0.0426364044186228	0.074284340484101	0	0	0
snR39_YPL252C	0.0167289621520304	0.0161018090319056	0.0157370138421179	0.016609073958817	0	0	0
snR79_YDL232W	0.133760110897819	0	0.124883535722173	0.139416841741612	0	0	0
snR79_snR66	0.116881346926491	0.127121439467093	0.086495561659794	0.0385766841502353	0	0	0
snR79_YNL244C	0.00982497477739871	0.010113161768597	0.0107109915025701	0.0103751129419084	0	0	0
snR79_snR6	0.0181339540228669	0.0159735930191344	0.0222248371050637	0.0240945523512405	0	0	0
snR79_snR10	0.0162873175031462	0	0.0161552808166808	0.0210793484644508	0	0	0
YPR182W_YLR185W	0	0.0101644993124645	0.0108334262624843	0.0112717549011719	0.0131720082981486	0	0
YPR182W_YPL271W	0	0.0107663822784136	0.011001544449942	0.0108872689804068	0.0171645645571737	0.0126103565675934	0.0126762436508196
YDL232W_YBR082C	0	0.0161169809059471	0.0155900737308584	0.0143781657855504	0	0	0
YDL232W_YER009W	0	0.017361892061645	0.0172936393749929	0.0157517803309103	0	0	0
YDL232W_YBL001C	0	0.0122295402383698	0.0137342148316373	0.0125133226751064	0.0180159571477092	0	0
YDL232W_YNL145W	0	0.0309211048350792	0.0328190100129131	0.0294683461210179	0.0673722951377199	0.0390726220124311	0.0548290451269491
YDL232W_YDL067C	0	0.0446146228256745	0	0.0442424048506057	0	0	0
YDL232W_snR55	0	0.0629093141305242	0.0658744246519807	0.0712384051100184	0.0604045416674476	0	0
YDL232W_snR39	0	0.140071609102842	0.132576915543858	0.138209287300002	0.201085369270482	0.200156495081639	0.210271642963166
snR18_snR128	0	0.0661126162066134	0.0603963142073811	0.0449931013201694	0	0	0
YLR402W_YDR193W	0	0.00781133632426231	0	0.0100105455719709	0.0110264211606082	0	0
YLR402W_YPL271W	0	0.0116454880031751	0.0110944193066218	0.010197048738468	0.0183498700725971	0.0163773542197409	0
YDL061C_snR75	0	0.0152806459020171	0.017051432926594	0.0198074224064215	0	0	0
YDL061C_snR13	0	0.0122061864292074	0.0120892456800209	0.0133279563150542	0	0	0
YML129C_YDR276C	0	0.0311279899314703	0.0316090071056147	0.0339268407238651	0.0446753513264621	0	0
YML129C_YGR105W	0	0.0164286637971753	0	0.0162337279602075	0.0148973085189636	0	0
YDR276C_snR75	0	0.011716100476568	0.0136166624434293	0.0138095178607639	0	0	0
snR128_snR69	0	0.0308596126651526	0.0245234040680611	0.0145753697196562	0	0	0
snR128_snR40	0	0.0312444783187255	0.0376635745559175	0.028779640385867	0.0201421498026824	0	0
snR40_snR128	0	0.0303773518812901	0.0359222218788075	0.0281988417797353	0.0198185946466653	0	0.0249291309230885
YOR302W_snR13	0	0.0126281510796583	0.0139841375596231	0.0155447217415155	0.0162104292525101	0	0
YOR302W_YIL052C	0	0.0090028486336626	0.00994391888567553	0.0106591082115332	0.0107066118968507	0	0
snR39_YPL142C	0	0.0154723041396507	0.016882221202009	0.017556293409639	0	0	0
snR39_YDL232W	0	0.150597434331763	0.139291867679617	0.15345308464936	0.210629688473001	0.201356007988435	0.217614469654282
snR39_snR71	0	0.0139259994477132	0.0202284037212384	0.0190478943814806	0	0	0
snR39_snR58	0	0.0428207378872399	0.0505751880894293	0.0494920039108007	0	0	0
snR39_YLR388W	0	0.0425515986945097	0.0441053896209191	0.0465995338158411	0	0	0
snR39_YNL015W	0	0.016660881277589	0.0171787504596705	0.0158964649777947	0	0.0211900251140159	0
snR39_snR46	0	0.0187948272346032	0.0179411234571448	0.0142625889484498	0	0	0
snR39_YGR183C	0	0.0210046257863957	0.0227369521986036	0.0160929953705114	0	0	0
snR39_YDR115W	0	0.0137984618451293	0.0144983061537676	0.0149996506752166	0	0	0
snR39_snR62	0	0.0198854228252375	0.0201626105979557	0.0281376107165125	0	0	0
snR39B_snR79	0	0.0862169176856823	0.0978136215160315	0.103115690505646	0.159208523324648	0.0919391979265665	0.0533273369382538
snR79_snR190	0	0.0166369422357008	0.0159984789994791	0.0201064176857718	0	0	0
snR79_YGL041C	0	0.0129231614328491	0.0118653140797918	0.0116630226458953	0	0	0
snR79_snR39B	0	0.0902048932730771	0.0977814438284611	0.108968812988753	0.159744331064272	0.0913431129176414	0.0501795785695324
YDL232W_YOR052C	0	0	0.0115162938995183	0.0104858966968388	0	0	0
YDL232W_YFR003C	0	0	0.0118734417642532	0.0116995850767692	0	0	0
YLR402W_YPR182W	0	0	0.0251310037180021	0.0267864729131813	0.0485672383207029	0.0387224446109973	0
YDL061C_YPR182W	0	0	0.0288833980091539	0.0299724410113441	0	0	0
snR64_YNL145W	0	0	0.0132673976056387	0.0128539481995027	0	0	0
YDL184C_snR77	0	0	0.0836020545719248	0.0919133248295966	0	0	0
snR58_snR55	0	0	0.0150485996034126	0.0200786784215359	0	0	0
snR39_YFR003C	0	0	0.00885371663912255	0.0105300637616575	0	0	0
snR39_snR69	0	0	0.0500026428989868	0.0425439096512875	0.0750620858564518	0.0813895569614457	0
snR39_YPL251W	0	0	0.0219504518282847	0.0263276595754523	0	0	0
snR39_YLR390W	0	0	0.0124727615241472	0.0126941686740035	0	0	0
snR39_YDR510W	0	0	0.0110417889375188	0.0121375776048226	0	0	0
snR39_snR78	0	0	0.0445575051350725	0.0466032422574013	0	0.039016538795019	0.0455609363238263
snR39_YFR033C	0	0	0.0110600762789637	0.0118919145597567	0	0	0
snR79_YPL135W	0	0	0.00935242501917341	0.0121633455011053	0.0112906852914238	0	0
snR79_snR43	0	0	0.0128832365734701	0.0147550719385014	0	0	0
YDL232W_YPR052C	0	0	0	0.0120249950034137	0	0	0
YDL232W_snR66	0	0	0	0.036096194937443	0.0579886597354319	0	0
YDL232W_snR67	0	0	0	0.079757428809371	0.107934426134439	0	0
YDL232W_YNL015W	0	0	0	0.0158378923589214	0.0255667406399089	0.0211584117427657	0.0334974096608712
YDL232W_YLR230W	0	0	0	0.0209334505737529	0	0	0
YDL232W_snR46	0	0	0	0.0161759932416543	0.0264962514027303	0	0
snR18_YOR302W	0	0	0	0.0721583147479671	0	0	0
YLR402W_YJL064W	0	0	0	0.0145977257713969	0.0178560431554332	0	0
YLR402W_YLR204W	0	0	0	0.0121159306758498	0.0167654704344959	0	0
snR76_snR6	0	0	0	0.0115104336298535	0	0	0
snR76_snR53	0	0	0	0.0198419877530238	0	0	0
YML129C_YOR146W	0	0	0	0.0110291229546327	0	0	0.00440105494423956
YOR302W_snR69	0	0	0	0.0234190122436081	0	0	0
snR24_snR85	0	0	0	0.0100810017579095	0	0	0
snR50_snR8	0	0	0	0.0112236068353348	0	0	0
snR55_snR60	0	0	0	0.0141139530072447	0	0	0
snR59_snR40	0	0	0	0.0182188894965349	0.0141752889724109	0	0
snR39_YNL153C	0	0	0	0.0136406193315715	0	0	0
snR39_YIR044C	0	0	0	0.0160017667192174	0	0.0145801442868895	0.00989322316892065
snR39_YOR282W	0	0	0	0.012562023026235	0	0	0
snR39_snR67	0	0	0	0.0658174071227892	0	0	0
snR39B_snR66	0	0	0	0.0180370895329233	0	0	0
snR79_YDR461W	0	0	0	0.0398793083424063	0.0457160322482327	0.0321480988842879	0.0332694908272418
