	weight_1	weight_2	weight_3	weight_4	weight_5	weight_6	weight_7
snR79_snR74	0.0865477697307854	0.0981441008323038	0.0725992745288737	0.0490160918777016	0	0	0
snR79_snR73	0	0.058082692774155	0.0485158664860029	0.0325721443691249	0	0	0
snR79_snR76	0	0.128086385707431	0.119986575084654	0.104958478601758	0.0993158355503312	0	0
YDL232W_snR73	0	0	0	0.0307602087372067	0.0336780148121082	0	0
YDL232W_snR74	0	0	0	0.0438690085638085	0.0640019735402592	0.0271234886350127	0.0306461258404111
YOR302W_snR189	0	0	0	0.0125924741191283	0	0	0
snR39_snR189	0	0	0	0.0217788753393513	0	0.0188676750779103	0
snR77_snR73	0	0	0	-0.0258421148798379	0	0	0
snR77_snR74	0	0	0	-0.0387323573140743	0	0	-0.00715661025909158
snR76_snR189	0	0	0	-0.0129044481858298	0	0	0
YDL184C_snR74	0	0	0	-0.0259915367393635	0	0	0
snR39_snR76	0	0	0	-0.0727047293957237	0	0	0
