	q1	q2	q3	q4	q5	q6	q7	q8	q9	q10	q11	q12	q13	q14	q15	q16
snR189	129.158	286.101	164.031	385.956	347.524	494.922	234.33	2016.78	414.22	151.881	117.165	482.445	98.814	120.611	640.747	464.239
YBR082C	352.001	557.62	447.042	535.494	619.934	378.374	510.905	453.038	763.542	1046.11	476.07	585.696	519.019	705.226	444.501	429.405
YPR052C	415.154	503.849	486.149	347.475	237.983	387.886	154.772	732.473	535.492	819.398	392.719	438.735	846.152	640.97	347.617	743.64
YDR025W	588.67	697.174	488.538	418	834.304	759.353	824.805	873.69	635.533	548.303	634.465	533.386	588.6	566.042	543.591	558.648
YPR182W	4537.11	5555.41	3851.08	3644.98	4196.09	3769.2	4467.41	4082.24	3246.52	3512.19	2730.09	2597.47	4744.51	4556.23	3438.46	4261.37
YDL130W	985.471	1148.91	938.661	929.943	976.9	951.154	988.064	1187.84	715.265	579.42	988.064	944.473	932.51	774.952	849.118	590.353
YPL142C	716.832	842.942	472.047	416.512	628.635	421.471	578.017	884.398	1055.81	577.571	553.933	371.886	649.979	768.565	526.839	413.519
snR73	0	0	328.691	3260.23	557.199	566.806	0	0	664.137	1636.64	938.876	0	0	966.905	0	1240.42
YLR333C	309.691	365.868	519.166	518.241	426.639	339.058	269.697	386.86	540.302	728.348	494.444	485.851	360.137	485.851	221.236	237.469
YBR252W	647.945	679.363	724.144	910.02	990.258	1092.46	1246.09	1227.59	897.699	777.174	717.09	798.688	803.062	956.005	514.307	729.733
snR61	0	0	0	0	1035.34	1053.19	0	0	0	1131.2	0	0	0	0	1908.9	0
snR57	3147.87	1549.53	0	1567.76	0	1148.79	0	0	0	1233.89	0	0	1605.54	0	2082.18	2514.33
snR54	0	1694.53	0	0	0	0	0	0	0	2698.7	0	0	1755.78	0	2277.03	0
YJL205C	1881.59	1307.59	2319.33	3142.05	1667.73	969.418	2409.7	4147.84	1561.84	2863.37	1204.85	1447	1693.56	1447	658.901	1591.31
YPR183W	752.234	841.792	928.892	1116.15	899.253	820.717	1360.05	1224.72	1151.97	1346.75	840.584	943.087	931.959	923.642	795.426	904.381
YLR062C	756.563	854.367	661.28	518.651	1561.48	1617.63	1227.28	1185.99	1107.56	1224.59	710.533	598.444	1007.82	864.419	971.432	831.799
YER009W	658.655	683.494	706.496	571.846	785.528	730.858	452.158	630.056	1004.79	1088.53	742.83	664.938	626.483	664.938	688.834	981.097
YGR063C	971.091	1223.16	861.486	768.136	1045.16	1078.81	1191.83	1516.33	879.348	940.413	777.28	426.742	1464.03	1520.27	736.797	718.618
snR77	4197.16	1549.53	2665.19	6271.05	5646.6	5743.95	7614.84	0	2692.12	0	0	0	0	3919.4	2082.18	0
YDL232W	3925.77	10950.6	5262.71	5865.56	6103.05	8118.51	7913.85	908.146	14548.7	11284.6	10288	6517.28	2669.73	4073.3	6059.04	15678.4
YNL300W	442.703	611.581	598.506	426.742	707.018	828.652	1140.01	951.425	476.313	974	1010.46	1066.86	895.902	906.827	623.444	479.079
snR18	2989.22	1765.72	4555.56	4466.24	5147.53	2618.14	8677.26	4978.76	9970.09	2812.08	4338.63	4466.24	914.772	0	2372.69	8595.4
YPL098C	945.785	1035.19	1547.36	1396.49	1401.14	1413.11	1574.61	1436.28	1127.64	994.414	1392.93	1371.55	1532.29	1288.43	1148.16	1413.11
YJL191W	663.716	538.537	365.882	239.744	408.193	630.832	582.236	470.735	729.8	883.401	383.746	544.873	714.243	599.36	578.928	734.037
snR9	401.915	197.842	638.04	500.423	72.0949	146.676	972.251	418.387	343.725	945.244	243.063	750.635	614.978	375.317	398.775	802.566
YLR402W	2631.01	2710.7	3341.39	2925.43	3621.92	3550.39	4662.4	4076.41	2276.26	2734.12	3774.32	3656.78	5149.24	5485.17	2428.33	1759.4
YDL061C	1920.44	1755.62	1800.19	2186.18	3838.56	5006.08	4313.81	2855.93	2698.23	2795.99	1493.24	1195.57	1679.15	2220.34	2177.65	3067.88
YLR110C	1121.05	1354.51	891.08	726.217	1349.99	1527.76	625.818	587.579	583.292	719.059	597.372	980.978	1535.41	1347.01	777.828	1108.33
snR76	3266.44	2067.3	4741	2091.62	2511.12	1532.65	0	0	0	2194.91	3386.43	2614.52	3570.03	1743.02	5555.86	4472.64
YBR067C	650.891	660.489	706.562	565.032	536.164	549.389	237.5	272.541	349.852	410.493	389.236	536.509	584.211	679.125	584.472	470.518
YOL109W	656.486	690.126	614.705	681.62	347.291	353.279	161.499	185.326	328.299	353.279	363.372	228.592	561.841	748.119	353.279	613.238
YLR178C	715.149	672.058	871.301	797.553	699.722	633.115	980.873	698.152	509.186	482.849	856.712	811.612	638.757	626.284	590.736	680.544
YJR018W	1292.29	1348.78	2053.35	1901.8	1401.32	1627.6	1727.59	1820.65	1433.43	1645.33	1269.25	1941.73	996.116	1324.73	1272.56	1001.17
snR87	1866.54	3445.49	3555.75	5577.65	3515.57	4087.07	1693.21	3886.07	7781.95	4938.54	1693.21	1743.02	2856.02	1743.02	3703.91	1118.16
YML129C	2028.44	1657.08	3151.63	3611.08	3762.45	3543.81	5637.7	3055.04	1716.3	1522.53	2114.14	2579.34	3764.13	2095.71	2055.41	2895.68
YBL001C	475.854	481.861	630.234	548.472	585.312	401.897	345.334	537.815	662.762	719.446	789.335	609.413	457.671	380.883	458.647	618.995
snR69	620.383	0	1969.72	926.925	0	1358.42	4502.21	1291.62	2387.53	2188.57	2251.1	2317.31	0	0	2462.14	2973.15
YDR155C	1050.12	996.913	1134.99	755.108	1097.09	990.911	1034.05	742.751	702.333	707.598	569.856	749.413	681.196	947.994	805.055	1183.49
YDR276C	1849.21	2587.08	2163.09	1890.43	2514	2131.12	4237.89	2431.58	1373.39	1945.64	1412.63	545.317	4020.89	3271.9	2510.73	1399.3
snR31	433.114	532.999	320.865	539.27	233.074	592.732	916.758	751.441	324.107	636.638	196.448	674.087	386.585	404.452	214.865	605.407
snR64	2481.53	4580.73	5909.15	4634.62	2670.8	2037.64	2251.1	2583.23	3979.22	6565.72	1125.55	3475.97	4746.3	2317.31	3693.22	2973.15
YKL056C	1048.57	1172.85	1117.43	1287.48	1201.18	1255.99	1261.99	1134.77	1398.41	1593.19	875.861	824.063	976.961	1027.65	782.859	771.198
YNR046W	1172.22	1146.55	1324.37	1319.26	1564.74	1583.38	1463.86	1679.83	1318.22	1226.27	1436.24	1649.07	1246.22	1236.8	1087.53	1112.61
YOR210W	1467.38	1402.14	1562.11	1612.09	2229.6	1181.27	626.411	1078.25	775.105	1522.53	704.713	564.231	1320.75	1289.67	1113.35	1137.59
snR161	905.119	835.393	718.438	676.177	852.384	990.949	821.072	1884.43	870.834	1197.4	1026.34	633.916	1904.29	211.305	2245.12	271.109
YNL145W	1436.52	530.344	1140.24	536.583	773.044	786.372	0	1495.4	1382.11	1266.93	1303.13	2012.19	0	0	712.65	1721.12
snR71	1923.93	2841.16	610.849	0	1035.34	0	0	2002.78	0	1131.2	0	0	1471.92	1796.61	3817.8	0
snR66	1147.48	1694.53	2185.95	3428.94	4940	0	0	0	1472.02	2698.7	0	0	0	0	4554.06	2749.62
YNL244C	433.568	310.988	495.568	444.206	399.974	298.371	179.798	232.116	476.737	451.576	561.868	416.444	227.455	208.222	221.236	326.52
YLR349W	801.815	1009.5	1197.81	1006.02	973.608	815.95	857.913	1091.5	619.792	562.099	951.164	1151.93	1069.58	863.947	662.959	775.922
YMR002W	1748.53	1841.92	2446.39	2403.5	1925.8	1984.53	1797.65	1990.07	1450.51	1638.06	1543.86	1621.93	2461.42	2187.97	1145.01	1215.06
snR60	555.89	0	0	0	0	0	0	1157.34	0	1961.06	1008.54	0	0	2076.41	1103.09	2664.08
YPL136W	927.993	996.661	1047.6	840.322	998.772	964.68	1462.56	1501.97	913.885	859.774	1054.4	875.335	1204.8	1242.98	892.842	1033.23
YBR091C	1090.37	822.992	1569.41	1303.32	1056.18	1180.51	1099.03	1336.85	1258.89	1096.99	1538.64	1538.64	1260.57	1199.23	1105.9	928.989
YDR461W	1744.78	3220.75	276.985	651.728	469.465	955.119	0	908.146	1119.13	1538.8	1582.77	1629.32	1334.87	2443.98	0	0
snR128	2463.24	1616.7	2259.34	1635.72	2356.55	2996.47	2979.35	4558.57	4213.22	2574.75	2979.35	3066.98	2931.49	5622.79	2715.55	1311.66
snR190	443.941	1030.21	765.164	663.3	614.316	347.171	230.125	264.077	813.572	745.774	345.187	1302.91	485.203	355.34	377.548	911.815
YBR262C	959.537	995.724	1399.76	1317.42	1549.08	1589.99	1176.27	1241.83	1480.43	1509.54	705.76	847.604	872.988	1138.21	1054.96	901.065
YNL052W	1453.32	1282.37	1700.21	1666.87	1525.23	1340.25	1356.67	1418.72	1253.22	1276.43	1608.31	1193.84	1208.77	1430.36	1340.25	1777.37
YCL033C	966.29	941.188	1622.11	1228.72	1266.8	1412.44	1342.82	1166.41	1008.81	1045.62	1109.69	1267.12	967.343	921.543	938.342	936.033
YFL010C	545.278	805.235	752.122	803.918	656.824	699.777	759.984	684.157	435.449	458.611	838.603	782.336	668.577	708.149	587.595	709.549
YDR193W	803.806	963.716	970.297	963.163	1241.99	1202.42	1097.36	927.88	571.724	608.307	823.02	787.772	1010.73	1010.73	679.082	667.461
YDR476C	980.704	1003.01	1087.7	995.009	1076.9	1070.07	1178.17	1338.2	1347.33	1281.8	961.771	810.61	1657.75	1379.89	927.02	1024.15
snR74	0	3099.06	1332.6	4703.28	1129.32	0	0	0	1346.06	1233.89	1903.71	0	0	0	0	0
YFL067W	307.741	326.64	314.497	344.851	574.448	679.112	383.852	300.332	49.3474	124.397	558.331	799.265	588.602	610.674	353.046	276.532
YJR104C	1335.38	1197.3	1434.73	1362.81	1456.48	1351.06	1168.12	1427.35	1368.92	1591.34	1265.46	1102.27	1432.13	1425.16	1490.57	1685.65
YPL047W	570.815	455.647	509.414	391.857	647.56	692.505	727.734	674.507	930.165	870.793	755.724	288.13	566.54	691.512	336.752	739.352
YDL184C	0	0	1073.52	0	0	1850.89	6134.39	0	0	0	0	0	0	0	6709.49	4051.01
YDR016C	584.929	287.93	585.284	582.635	496.003	465.743	257.268	405.934	773.102	771.207	546.694	562.773	596.675	562.773	527.6	637.101
YBR113W	574.665	617.936	524.34	633.542	780.625	635.267	141.713	116.159	508.164	406.77	698.445	510.585	512.217	698.147	553.568	601.614
YPL037C	1417.96	1523.66	1288.38	1136.81	1420.65	1318.93	899.359	744.037	702.459	684.59	1098.05	990.403	1340.6	1442.54	1017.99	1063.52
YKL156W	1470.57	1473.62	1334.01	1059.36	1752.31	1523.76	952.866	656.072	909.554	1019.04	2096.31	1177.07	1366.16	1471.34	833.758	692.177
snR58	1503.1	4439.39	954.468	2245.81	808.871	1645.63	0	3129.4	2892.33	1767.53	1363.53	1403.63	2299.92	1403.63	4474.07	7203.53
YDR156W	429.008	742.766	798.473	751.504	827.928	566.867	375.752	523.589	645.231	600.159	738.084	607.834	611.163	663.092	322.912	514
YHL018W	1097.96	1033.11	832.946	1132.37	857.522	882.945	1375.02	1254.22	1134.28	1245.42	1004.82	762.173	1085.32	1324.73	1060.46	1071.01
YIR044C	409.411	503.829	476.623	407.806	220.319	298.823	742.789	994.444	262.602	320.958	247.596	0	104.408	127.439	135.404	327.014
YNL322C	491.213	528.414	598.296	639.026	1027.73	1138.18	729.863	714.12	518.781	505.427	587.732	474.524	839.088	779.011	642.832	771.176
snR40	5058.09	2134.14	6423.77	5398.13	4666.18	1582.21	2621.95	7521.98	6488.66	849.705	3932.92	4048.6	3316.92	4048.6	2867.76	1731.48
snR38	782.066	1154.91	496.612	0	841.715	0	0	1628.24	2006.51	1839.3	0	0	1196.66	0	1551.91	1874.01
YML009C	1726.33	1975.75	1890.98	1998.99	1021.9	1937.29	469.809	1257.96	1162.66	1522.53	1566.03	1692.69	1584.9	1047.86	942.064	1137.59
YMR123W	524.926	484.488	398.803	350.134	867.621	923.63	748.287	975.784	913.885	760.569	663.254	595.228	559.371	665.255	520.825	539.074
YLR388W	1371.75	2160.76	812.988	819.819	1181.1	2002.43	663.663	3236.72	1759.71	2043.22	995.495	853.979	1399.29	1707.96	1270.29	2191.34
YLR264W	1395.13	1618.77	1455.42	1191.14	2627.69	1254.67	2350.37	2593.41	1917.55	2226.49	1536.78	1768.09	1829.76	1861.15	1779.73	2029.71
YLL009C	452.326	534.375	746.79	270.331	632.873	594.262	656.518	1130.07	174.077	212.761	1230.97	591.349	69.2113	253.435	359.034	1192.26
snR75	1004.37	4449.58	637.774	1500.64	0	1099.61	3644.42	0	1288.43	1181.06	0	0	1536.8	0	5979.13	4813.39
snR67	0	2043.72	2636.4	8271.05	5957.96	3030.34	0	2881.31	3550.71	4882.22	2510.86	0	0	2584.7	13731.2	0
YNL135C	915.819	708.416	706.162	700.46	1232.09	978.791	909.9	885.256	643.364	666.674	791.217	834.851	750.703	875.575	713.95	940.504
YOR302W	3381.16	4993.11	3220.56	5051.85	7278.09	7403.58	0	10559.2	4337.45	3976	3067.2	3157.41	2586.79	9472.22	0	0
snR24	2008.74	2966.39	3826.64	6002.58	4323.89	3298.83	0	6273.18	1288.43	3543.19	1822.21	1875.81	4610.41	3751.61	7972.17	0
snR50	3847.87	2841.16	2443.39	2874.58	2070.67	4212.75	3490.56	0	2468.08	1131.2	6981.13	0	1471.92	3593.23	0	9220.36
YDR210W	2040.79	1787.81	1493.58	1860.52	1265.75	1249.7	753.068	720.147	1774.91	1342.27	941.335	1679.64	2222.91	2325.65	1235.5	1409.04
snR81	1780.63	1701.46	1230.46	1173.73	1634.61	1949.48	1520.27	1744.57	1746.77	1847.54	1615.28	1858.41	2083.5	1662.79	727.471	1129.44
YOR146W	995.939	1124.69	1013.73	984.739	977.321	1136.89	1275.47	1036.76	695.175	947.254	478.302	273.539	1411.85	930.031	465.015	666.815
YLR043C	863.717	781.751	884.613	874.206	794.652	1037.13	151.648	290.037	607.613	524.215	732.965	936.649	639.479	702.487	718.748	867.922
YFR049W	1363.19	1060.95	1696.16	1431.25	1021.07	1018.5	1370.3	997.179	673.503	834.001	1370.3	1290.19	1183.86	1617.03	1005.27	1147.7
YNL015W	1314.41	1123.76	746.792	310.087	781.787	605.917	627.557	792.162	1242.44	854.174	878.579	710.616	582.191	193.804	549.112	1574.81
YKR057W	1499.08	1725.43	2057.82	1745.73	1399.88	1761.92	3039.74	3258.73	2743.2	3058.99	1519.87	1152.84	1990.19	1729.26	1793.59	1479.12
snR43	781.243	475.051	612.816	549.303	247.303	503.133	333.505	382.711	353.718	918.684	750.387	600.8	421.904	429.143	91.1929	440.479
YJL144W	584.62	1144.42	932.402	832.864	980.397	818.68	888.002	849.182	645.321	447.655	740.001	787.158	936.146	888.727	1214.06	814.467
YNL086W	1085.34	1033.36	1224.22	1152.2	1214.23	1891.83	1347.29	1397.41	1337.34	1209.1	1502.74	1253.56	1376.63	1093.53	1728.64	1471.46
YDL067C	1375.92	1354.58	2378.42	3312.09	2056.75	1924.83	2218.94	2068.89	3530.13	2696.63	2218.94	2569.73	2105.32	2284.2	2882.02	3846.51
YGL041C	548.087	735.804	348.035	744.461	589.891	218.204	361.595	207.473	575.265	644.51	361.595	651.403	228.72	465.288	395.495	477.579
YLR230W	732.308	692.116	939.331	634.609	646.293	577.261	690.88	1158.73	1183.68	1188.37	983.176	820.616	634.448	1066.8	755.65	596.624
YJR034W	991.012	1207.36	1321.51	1203.06	999.935	1261.3	1348.48	1315.32	921.691	1034.25	831.565	994.837	1137.28	1503.82	1327.41	1365.45
YDR077W	594.018	721.075	495.611	450.947	804.846	793.466	509.213	564.331	313.194	354.912	432.483	402.118	720.664	786.285	579.841	796.921
snR6	421.947	623.108	0	0	908.26	923.919	0	0	541.286	1488.54	0	1576.1	0	0	0	0
snR46	672.671	662.242	462.741	418.77	422.319	368.229	1017.01	583.533	1078.65	791.011	1220.42	732.848	428.861	523.463	444.944	537.29
YOL039W	998.437	1148.91	971.596	891.195	1269.97	1291.87	941.013	863.881	582.193	594.668	823.387	508.562	972.192	1162.43	617.54	869.994
snR48	0	1205.91	518.541	610.049	439.442	1341.06	0	0	0	480.131	740.773	0	1249.5	0	0	0
YPL251W	931.74	1264.98	1233.12	1324.77	760.191	773.297	1199.67	1314.09	1253.1	1431.42	736.16	533.275	1011.77	1094.62	775.354	828.245
YGR183C	1466.4	1392.1	831.395	1095.49	394.56	573.376	760.133	1526.5	1074.94	1046.94	855.149	1271.55	1121.88	782.49	727.471	752.962
YPR051W	390.695	344.767	650.484	427.13	405.11	453.826	743.41	773.736	385.064	425.812	440.859	507.217	619.682	622.898	245.822	445.263
YOL005C	631.572	817.88	746.567	609.739	637.913	765.928	881.425	991.242	1047.03	902.644	810.911	834.761	713.636	961.79	829.09	558.79
YGR064W	506.178	526.015	547.61	630.241	474.165	697.854	1020.39	917.237	601.24	473.978	561.215	490.188	473.314	402.654	409.219	359.383
YJL136C	925.904	618.551	797.931	592.89	1115.16	917.161	799.93	1376.93	1527.14	1244.34	679.941	988.149	1281.82	699.939	918.67	528.256
YER058W	570.207	729.776	973.597	946.618	872.814	638.151	1103.49	817.816	406.376	447.014	712.668	591.636	930.651	946.618	427.457	425.085
YGL106W	1119.08	1251.12	1397.15	1294.18	1340.53	1356.72	1238.85	1342.65	989.505	1003.7	1330.62	1086.36	1441.46	1416.99	1066.43	1348.37
YJR048W	690.57	644.081	684.694	796.471	756.28	729.526	879.222	1034.17	808.173	783.565	945.163	701.438	834.201	972.962	961.649	667.711
YBR016W	1406.3	1513.77	2108.77	1746.76	1641.21	1567.48	1260.35	1340.47	1271.52	1474.39	906.834	1028.44	1944.41	1803.72	1092.72	1177.4
YPR100W	383.164	387.702	473.101	413.467	412.388	403.962	180.229	221.593	236.664	383.821	514.94	463.825	488.573	357.808	506.894	442.071
YKL169C	516.611	508.602	716.238	643.232	602.348	707	781.067	645.341	508.088	475.872	656.096	691.474	421.588	562.828	785.949	577.695
snR13	870.524	1714.05	737.044	867.11	1249.23	953.074	1052.92	2416.54	372.244	682.448	1052.92	541.944	444.002	1625.83	1151.63	0
snR72	0	1026.44	0	0	748.086	0	0	1447.12	891.658	2452.06	0	0	0	0	0	0
YEL066W	486.948	493.096	491.795	505.826	484.158	436.654	605.804	840.014	517.585	501.72	454.353	476.377	503.823	511.023	276.082	488.961
YLR185W	1002.5	818.966	1056.47	573.647	1606.97	1494.56	1857.52	1776.32	985.05	1229.03	1238.35	756.895	1403.4	1274.77	973.506	1686.67
YDR115W	809.755	764.529	539.483	317.343	742.932	523.205	529.849	856.761	919.573	749.282	433.513	421.471	649.979	1115.66	474.155	954.274
YFR036W	995.853	1082.91	1431.45	1244.44	1217.96	1932.78	1478.26	1149.76	1370.42	1437.2	1133.33	997.584	1205.17	1386.47	1095.86	1062.98
YLR390W	511.192	503.267	598.719	627.998	562.408	634.289	741.959	946.031	816.071	601.124	515.249	466.755	643.13	594.052	338.132	653.297
YMR256C	1948.84	1492.27	1604.19	1294.13	1009.9	948.288	1571.45	1502.75	1018.53	848.776	1047.63	1482.86	1546.2	2156.89	143.231	518.874
YGR242W	485.545	463.958	426.209	405.405	368.879	375.239	570.006	564.909	714.47	520.586	310.912	453.414	546.281	666.785	283.384	342.199
snR32	263.07	291.365	250.574	294.793	495.485	720.04	715.926	410.777	253.105	232.013	238.642	368.491	503.161	245.661	261.015	315.187
YDR482C	1103.71	1483.77	1334.04	1353.38	1572.93	1750.05	1215.28	1220.26	1230.34	1208.37	1229.09	1535.34	1525.75	1649.07	936.488	911.978
YPL079W	775.518	741.524	729.824	658.551	954.764	1038.42	890.77	871.189	1209.57	1016.93	769.301	468.905	862.232	771.088	542.497	521.398
YIL059C	658.409	648.201	502.919	356.428	657.277	689.503	865.61	933.723	795.661	572.264	709.8	516.82	832.237	908.89	416.575	480.168
YEL027W	569.085	758.002	814.852	666.887	816.654	952.901	789.546	743.415	651.309	544.547	597.221	562.686	742.715	875.289	631.068	762.044
YMR174C	1376.08	1401.46	1054.6	1559.74	970.334	727.31	688.718	197.583	608.716	502.19	1119.17	88.6219	1016.48	1417.95	659.125	1137.04
snR10	537.56	364.415	302.306	157.603	328.228	322.907	0	0	743.41	740.127	600.797	751.53	391.758	305.056	367.437	371.448
YJL184W	727.651	1020.15	1158.07	990.862	1586.13	1542.88	935.814	1265.65	1027.98	1202.26	919.104	1169.77	1169.77	1307.39	712.827	993.199
snR85	2286.24	1890.67	1335.62	1229.73	1968.49	1301.58	3318.32	2855.93	2111.66	3118.6	2322.82	3074.32	2658.65	1707.96	2359.12	1972.21
YPL102C	465.87	377.274	486.684	381.713	469.054	641.672	763.426	844.774	539.796	459.469	272.652	336.805	459.895	336.805	357.856	360.106
snR8	2346.55	1873.11	2013.59	1610.87	1911.2	2430.2	1150.62	1320.39	2196.64	1715.28	2531.37	1658.25	2814.17	2132.04	3146.24	1823.63
YJR114W	1387.03	1745.29	1521.79	1594.14	1528.15	1383.77	1131.67	1554.94	1379.24	1245	1012.54	935.026	2046.97	1977.35	1107.47	1297.99
YLR194C	556.657	600.089	521.379	494.868	557.176	612.49	737.252	683.775	410.605	379.661	510.017	582.197	736.765	691.36	502.6	540.22
YDR378C	615.588	808.059	680.453	783.5	638.002	698.925	910.029	806.955	848.19	589.833	579.109	553.56	453.519	553.56	904.858	874.127
YNL028W	252.219	411.669	741.789	813.191	757.219	595.873	1107.87	967.31	664.136	749.282	650.269	818.149	446.861	371.886	974.651	699.801
snR55	1390.14	1026.44	3972.34	5192.6	1496.17	760.984	2522.12	1447.12	3566.63	4086.77	1261.06	1298.15	1063.54	2596.3	1379.28	3331.1
YLL014W	284.916	475.628	464.103	444.206	466.636	420.433	1033.84	412.651	619.758	437.009	516.919	300.765	322.228	555.258	417.89	504.621
YOR248W	215.935	217.379	211.031	162.241	595.317	708.084	477.968	647.098	90.1775	99.7754	699.595	615.612	444.086	244.07	491.672	505.093
snR65	0	951.1	408.973	1924.58	0	705.126	4673.98	0	1652.42	0	0	3608.58	0	0	0	0
YIL052C	648.866	620.018	412.03	370.685	801.056	877.549	1246.48	1013.19	661.011	864.007	519.366	534.641	715.432	570.284	378.704	388.708
snR53	0	0	0	1377.44	992.222	0	0	0	1182.65	0	1672.6	1721.8	0	0	1829.41	0
YGR105W	1050.96	1034.66	1152.71	1427.5	1542.43	1638.75	1617.83	1525.01	857.942	936.246	982.256	713.75	925.869	1189.58	2022.29	915.755
snR59	6762.32	4993.11	3220.56	7577.78	0	1850.89	6134.39	0	2168.72	3976	3067.2	0	2586.79	0	3354.75	8102.03
YPL234C	626.014	719.026	842.604	767.457	754.382	708.809	698.934	590.402	459.877	478.18	563.03	539.618	761.389	839.406	647.667	461.56
snR62	644.052	0	817.946	0	693.175	0	2336.99	0	826.208	1514.71	0	0	0	1202.86	0	0
YOR167C	1793.74	1545.19	632.792	446.677	1716.05	1254.67	1988.77	1141.1	1150.53	1347.61	1717.58	1395.86	381.2	1116.69	1779.73	1552.13
YJR085C	1061.97	1391.83	1542.58	1150.37	1214.41	1060.94	1493.21	1354.23	919.573	796.112	1204.2	1264.41	1421.83	2107.35	1106.36	763.419
YOR226C	355.534	395.926	314.589	357.042	514.383	446.678	444.126	630.998	530.857	774.478	539.295	402.761	552.927	457.188	416.368	516.75
snR39	2008.74	0	5102.19	7503.22	5404.86	2199.22	7288.84	8364.25	9019.02	7086.38	5466.63	1875.81	1536.8	1875.81	3986.09	4813.39
YLR379W	688.044	561.509	925.555	879.226	906.165	1139.85	657.004	942.424	464.548	511.003	558.454	541.062	374.018	557.971	628.774	759.274
YPL013C	400.77	577.744	521.097	456.227	667.546	501.457	623.239	933.723	367.228	460.056	450.117	213.857	832.237	605.927	549.121	525.899
snR39B	751.55	1109.85	2386.17	1122.9	5662.1	3291.27	0	1564.7	4820.55	5302.6	4090.58	1403.63	8049.73	4210.89	1491.36	10805.3
YPL252C	514.29	503.883	420.089	568.919	590.772	682.168	771.577	947.189	913.495	872.261	457.563	554.142	522.095	526.435	549.524	367.337
YDL083C	552.248	463.14	367.995	264.854	667.747	768.833	667.957	567.784	752.17	593.281	482.413	394.735	719.82	598.469	595.286	359.418
YJL064W	1341.45	1670.7	1749.82	1762.8	2217.83	1928.71	1290.19	1665.61	1129.95	1016.79	1378.16	1313.04	1755.82	1719.37	1202.68	1510.39
YKR049C	1222.97	1169.27	1428.71	1265.02	1518.74	1484.85	995.62	1436.3	1196.75	1272.18	1521.88	1654.49	1151.56	1200.6	948.95	939.264
YMR202W	409.405	450.962	624.36	586.63	635.665	598.862	791.485	810.449	495.062	445.915	748.866	846.101	729.134	482.591	506.094	506.596
YJR020W	1043.11	1190.31	1445.18	1272.05	1250.24	1336.69	1419.37	1061.18	1444.57	1017.54	1139.8	1018.36	1487.26	1350.43	705.654	1107.74
snR79	6291.57	3716.41	10387.4	16920.6	4062.86	4132.91	0	2619.77	4842.6	8878.1	4565.88	7050.25	7701.48	7050.25	2496.97	6030.41
snR78	0	1619.87	0	0	0	0	0	2283.76	1407.16	0	1990.13	0	0	0	0	2628.47
YDR500C	1087.82	724.47	893.933	701.124	1515.14	1471.21	1238.35	1199.02	1039.77	1203.95	890.063	876.405	718.018	995.914	931.18	1328.89
snR4	545.881	1108.42	389.964	305.854	293.758	224.117	0	142.063	262.602	160.479	495.192	382.318	417.632	509.757	406.213	654.028
YLR204W	1102.18	1079.38	1407.13	1768.13	1685.71	1918.01	1305.04	1328.51	1279.96	1091.44	1094.55	1235.09	1491.19	1906.8	1197.17	1695.84
YAL046C	1341.16	1295.55	1716.08	1386.12	1595.39	1600.82	1061.11	1322.64	1397.08	1387.38	1189.18	1412.49	1157.22	1242.99	1060.54	1256.49
YPL271W	2131.11	2193.44	1230.23	1736.8	1459.6	1272.66	2108.97	1478.97	1325.5	1063.17	937.321	964.889	1284.58	2291.61	897.045	1547.46
YAL044C	877.063	1109.11	985.838	1061.9	1003.63	1285.83	731.606	1049.43	678.952	723.138	905.362	724.881	1041.22	1073.2	1040.25	930.036
YCR046C	829.626	992.142	872.634	821.303	816.212	774.56	812.612	1271.6	881.449	969.594	692.567	855.524	911.184	912.559	515.097	536.63
snR14	462.684	683.266	1101.77	864.131	1120.44	1013.12	419.721	963.293	296.772	544.082	1469.02	1944.29	707.963	216.033	1147.67	1108.7
YIL087C	835.79	842.693	951.648	1102.36	744.444	624.755	564.714	552.028	650.699	799.818	773.867	807.393	926.07	1141.12	491.837	428.172
YNL190W	580.612	504.362	433.751	442.256	718.835	893.262	867.503	829.579	506.287	477.483	413.097	318.935	569.045	474.859	602.432	536.506
