	weight_1	weight_2	weight_3	weight_4	weight_5	weight_6	weight_7
YEL032C-A_tV(AAC)O	0.152636017702119	0.140660610993996	0.154576711280539	0.177720500378381	0.179832917820586	0	0
YEL032C-A_YMR272W-A	0.103543177363726	0.0948086288705255	0.111975251670116	0.128841363645958	0.121009314097754	0	0.0796662266079309
snR77_YMR272W-A	0.0727144412407822	0.143634841731266	0.138380039397598	0.132072205874703	0.13932556029793	0.0215549748913048	0
snR18_tV(AAC)O	0.142668228203284	0.102303699071121	0.100157488017549	0.108465400619443	0.125355068864165	0.129373643692083	0.0806350859000253
YLR402W_YDR276C	0.0245355727094031	0.0232559428746157	0.0214773483802264	0.0226275328800516	0.0503145130691003	0.034074599043876	0.0393906583442839
YKL156C-A_snR79	0.164771724461293	0.181074481602116	0.173828695150765	0.167052222180857	0.127933369337276	0.038434004983174	0.0361525584669993
YMR272W-A_snR77	0.0672348607414998	0.142938482240975	0.137908949351572	0.128498772314865	0.137692646641152	0.0208404312155312	0
YMR272W-A_YDR276C	0.0435959514720946	0.0483720799137045	0.0494550877126895	0.054859846791403	0.074050962920535	0	0
YMR272W-A_tV(AAC)O	0.0911009572113448	0.102478395550307	0.12680046550014	0.149926151864793	0.141093729872058	0	0
YOR302W_YMR272W-A	0.0516674437927473	0.0660246038759191	0.0745958500636576	0.0770482866686104	0.0975382009704956	0.0468925649985222	0
snR79_YNL103W-A	0.0419692063937213	0.0602248947162352	0.0719744486078011	0.0654735514139149	0.0557133406838987	0	0
snR79_YLR163W-A	0.0642551143580692	0.0722951495218938	0.0740563186698067	0.0673724790155998	0.055500221162954	0	0
snR79_YJL077W-A	0.0657199708964791	0	0.0613964380114836	0.0818969615405602	0.0720304491363555	0.0311708360264204	0.0338238544858434
YDL232W_YJR151W-A	0	0.212581214950463	0.201639699458059	0.178996276830449	0.235893735609834	0	0
snR39B_snR79	0	0.0862169176856823	0.0978136215160315	0.103115690505646	0.159208523324648	0.0919391979265665	0.0533273369382538
snR79_snR76	0	0.128086385707431	0.119986575084654	0.104958478601758	0.0993158355503312	0	0
tV(AAC)O_YMR272W-A	0	0	0.126322771966644	0.14615645721969	0.137841491366701	0	0
tV(AAC)O_snR77	0	0	0	0.148988591983637	0.182513816816918	0	0
YPL152W-A_snR76	0	0	0	0.0350093015145652	0.056360358795124	0.0323805152511101	0.0240972852439721
YPL152W-A_snR79	0	0	0	0.0555088260760814	0.113482889328823	0.0725485822012035	0.0477933354735047
YEL008C-A_snR79	0	0	0	0	0.126930769472966	0.0672141669811435	0.0528675993087303
YKL156C-A_YJR151W-A	0	0	0	0	0.119695386092709	0	0
YKL156C-A_YJL077W-A	0	0	0	0	0.0508989765428402	0	0
YPL152W-A_tT(UGU)H	0	0	0	0	0.0504978263597312	0	0
YOR302W_snR77	0	0	0	0	0.0818148302475647	0	0
snR39B_snR76	0	0	0	0	0.0754714593346174	0	0
tV(AAC)O_snR76	-0.0844201752243906	0	0	-0.089796113506167	-0.0884844331894992	0	0
tV(AAC)O_snR79	-0.174470772487582	-0.202607596656096	-0.184475628206162	-0.189532120947329	-0.177898386958048	0	0
snR79_tV(AAC)O	-0.174231379164368	-0.202663672052784	-0.188423747964136	-0.194341476395938	-0.179941399177997	0	0
YDR276C_YJR151W-A	0	-0.0463206317152378	-0.0444115565410274	0	-0.0789049329143284	0	0
YJR151W-A_snR77	0	-0.202523023475656	-0.207562051267135	-0.158089918121619	-0.140441749131388	0	0
YJR151W-A_YMR272W-A	0	-0.132510632697931	0	0	-0.120928654842826	0	0
tV(AAC)O_YJL077W-A	0	0	0	-0.0683771786830916	-0.0668791074453013	0	0
YDL232W_YDR276C	0	0	0	0	-0.082663035753538	0	0
YDL232W_tT(UGU)H	0	0	0	0	-0.0825671943627069	0	0
tV(AAC)O_YNL103W-A	0	0	0	0	-0.0528185346828976	0	0
tV(AAC)O_YLR163W-A	0	0	0	0	-0.0517861827952075	0	0
