	weight_1	weight_2	weight_3	weight_4	weight_5	weight_6	weight_7
YDL232W_snR64	0.0606839464006097	0.0879628368241726	0.0899176922109426	0.0834976956744696	0	0	0
snR18_snR39	0.184635135738049	0.118016287863027	0.124896372039276	0.14927955524917	0.172049412103885	0.206599166562072	0.182845728091289
snR64_YDL232W	0.0619074992803541	0.0902387011560938	0.0913796079148397	0.0867578984500021	0	0	0.0393844159561619
snR40_snR87	0.0506167064594675	0.0291899937975704	0	0	0.0209736560113601	0.0241049106842713	0
snR67_snR55	0.0578311763257477	0	0	0	0	0	0
snR67_snR39B	0.0833717246672516	0	0	0	0	0	0
snR67_snR79	0.142046096788779	0.153481161110071	0.113738808557069	0	0	0	0
snR39_snR18	0.180879785450929	0.115364741371401	0.119495715530745	0.146133059089427	0.172256436771327	0.206356522206158	0.185452329073319
snR39_snR87	0.114000106299134	0.0758394074134836	0.0865730322154882	0.127226886310558	0	0.0832095258318601	0
snR39_snR128	0.0766713962985261	0.0729410261761864	0.0704629442925978	0.0566971815162044	0	0	0
snR39_snR40	0.0878165387297872	0	0.0766187500682446	0.0879270298291444	0	0	0
snR39_YOR302W	0.0869469222584387	0	0	0.0782210209629591	0	0	0
snR39_YKR057W	0.0510274311968408	0.0583077081815276	0.0623213930394455	0.0672884110593373	0	0	0
snR39_YDL067C	0.0606729878375622	0	0	0.0341771933288497	0	0	0
snR39_snR55	0.0681433361841691	0	0.0426364044186228	0.074284340484101	0	0	0
snR39_snR39B	0.110162188339509	0	0	0	0	0	0
snR39B_snR87	0.0643238939325378	0.0420140422705316	0	0	0	0	0.0212470304687315
snR79_YDL232W	0.133760110897819	0	0.124883535722173	0.139416841741612	0	0	0
snR79_snR64	0.114715444075777	0.0856313720882962	0	0	0.0797507690257347	0	0
snR79_snR66	0.116881346926491	0.127121439467093	0.086495561659794	0.0385766841502353	0	0	0
snR79_snR74	0.0865477697307854	0.0981441008323038	0.0725992745288737	0.0490160918777016	0	0	0
snR79_snR67	0.148025025395861	0.156988560288398	0.113579065711468	0	0	0	0
snR79_snR55	0.0806829267906619	0.0593204329967648	0	0	0	0	0
