	weight_1	weight_2	weight_3	weight_4	weight_5	weight_6	weight_7
YKL106C-A_YEL032C-A	0.0902273032887603	0.0728623261096323	0.0626290795134014	0.0613030536532205	0.0870850317581164	0.0850711105815829	0.0754543295269067
YKL106C-A_snR39	0.0974266903730594	0.0505784147606322	0.0437989534163618	0	0.0977010504204191	0.11364419043167	0
YEL032C-A_YKL106C-A	0.0887114432772751	0.0705656293664367	0	0	0.0872404485390899	0.0870404463675029	0.0787173328466108
YEL032C-A_snR18	0.122393887507261	0.113510757457128	0.117711618815241	0.130829906588649	0.147638868453357	0.133704279413843	0
YEL032C-A_YDL061C	0.0699669379000501	0.0589220690453626	0	0	0.083109018083598	0	0
YEL032C-A_YCR047W-A	0.0526784396375635	0	0	0	0.060368226444704	0	0
YEL032C-A_snR39	0.129739214604677	0.103412701169169	0.111725888847584	0.146323351826725	0.137887259251326	0.140803499920914	0
YDL232W_YKL106C-A	0.0522570169818648	0	0	0	0.124148745768044	0.118292064384971	0.148835809648962
YDL232W_YKL162C-A	0.0264106754256684	0.0502614021238821	0.0505232912361205	0.047691029006902	0.0600252207478676	0	0.0489465010536257
YDL232W_YER090C-A	0.0286132837829654	0.041028621310802	0	0	0.0542889670324945	0	0.0875656270980923
YDL232W_YBR141W-A	0.133647207124706	0.158745468074862	0.144858813253887	0.153441438658193	0.178673969338591	0.104598318329821	0
YDL232W_YGL014C-A	0.0273625807676432	0	0	0	0.0632579227638249	0	0
snR18_snR39	0.184635135738049	0.118016287863027	0.124896372039276	0.14927955524917	0.172049412103885	0.206599166562072	0.182845728091289
YDL061C_YEL032C-A	0.0726997973809168	0.0622782156713137	0.0649548463112092	0.076625941390451	0.0857774880845479	0.0376552760523785	0.0267573200697415
YEL008C-A_snR39B	0.0777703558769301	0	0	0	0.105127676997028	0.0607436855172995	0.0410993425112141
YNL097W-A_YOR302W	0.0348078891768356	0.0427873199232383	0.0436122310168391	0	0.0506383385215392	0.0509445103146713	0.065686397090386
tV(AAC)O_YEL032C-A	0.152543631460266	0.143053259800506	0.158187279754768	0.180637724669338	0.18221339451603	0	0
tV(AAC)O_snR18	0.149680905388247	0	0	0	0.132298407970266	0.133663515541965	0.0827736055017227
tV(AAC)O_YDL061C	0.0798581798191602	0	0	0.0883327022789749	0.0946567365305154	0	0
tV(AAC)O_tF(GAA)Q	0.0712990339754932	0.0690557220420426	0.0721791938959196	0.0738718229950322	0.070985702315644	0.0258751405964113	0.0103154890045837
tV(AAC)O_YDL184C	0.0981956032965751	0.0982863741702374	0.103244392200938	0.106824947417581	0.113127859969813	0	0
tV(AAC)O_tN(GUU)Q	0.0531715069944509	0.0474017087960596	0.057495622424034	0	0.0592642556088524	0.0284246788147515	0.0129607615943681
tV(AAC)O_snR65	0.0580854504551541	0.0613393664322772	0.0578427171962011	0	0.0541724969426505	0.0343183278574237	0.0139761867750664
YMR272W-A_YEL032C-A	0.10692570977958	0.0982947889323497	0.112680307648656	0.133049522902875	0.124878256131298	0.0528087926578479	0.078478090355195
YMR272W-A_YLR402W	0.0536698278431665	0.0579347282393585	0.0559588499544635	0	0.0703103913134327	0	0
YMR272W-A_YDL061C	0.0521899410976126	0.0629585860308431	0.0698083291936781	0.0750780546329543	0.072636646555855	0.0210730880017204	0
YMR272W-A_YML129C	0.0575200576715147	0.0845608381398087	0.0824239108423909	0.0797580896335722	0.0838228448029583	0.0227361221748467	0
YMR272W-A_YNL097W-A	0.064346815182165	0.0756917542272914	0.0729215093425554	0	0.0689979524835917	0.0397354444263059	0
YMR272W-A_YOR302W	0.0543943665306757	0.068655929409623	0.0761278434009001	0.0789232564139895	0.101815008822043	0.0453981827435955	0
YMR272W-A_YER053C-A	0.0906595960474518	0.0968134056321875	0.0839617883165613	0.0850633025318096	0.076478742476649	0.0416295730002551	0.0724092190765684
YMR272W-A_YLR399W-A	0.0565453010218413	0	0.0506007007264632	0	0.0513358517626821	0.0326796352425679	0
YBR141W-A_YDL232W	0.138391754413908	0.167782557321273	0.149220803737988	0.157021632614274	0.184730755324707	0.103965905338205	0.101765762502402
snR39_YKL106C-A	0.0949716232851354	0	0	0	0.0991870233775721	0.113111913294585	0
snR39_snR18	0.180879785450929	0.115364741371401	0.119495715530745	0.146133059089427	0.172256436771327	0.206356522206158	0.185452329073319
snR39_YCR047W-A	0.0693165718182637	0	0.0405158202238175	0.0514216103831857	0.0636720788435957	0	0
snR79_snR64	0.114715444075777	0.0856313720882962	0	0	0.0797507690257347	0	0
snR79_YKL156C-A	0.170265216364629	0.182288235971391	0.181163318540323	0.171894068920776	0.129479030477439	0	0
snR79_YEL017C-A	0.0766966490119475	0.0674421160125202	0.0429100577269588	0	0.0556082605770943	0.0372252110169457	0
YKL106C-A_YBR141W-A	0	0.0571541504411578	0.0647407819475775	0.0590352664135245	0.0826375846737848	0.0853362819317667	0.0815698836269991
YOR161W-A_snR39B	0	0.0356738863121576	0	0	0.0844094738532079	0.0547250152149429	0
YDL232W_snR87	0	0.102190293367814	0	0	0.0905859307488944	0.087906925031628	0.0744374054354003
YDL232W_YNL145W	0	0.0309211048350792	0.0328190100129131	0.0294683461210179	0.0673722951377199	0.0390726220124311	0.0548290451269491
YDL232W_YGL188C-A	0	0.0352160939691888	0.034983968929379	0.0342655703238302	0.0683958265656464	0.0358149851266978	0.0383071275630965
YDL232W_snR55	0	0.0629093141305242	0.0658744246519807	0.0712384051100184	0.0604045416674476	0	0
YDL232W_snR39	0	0.140071609102842	0.132576915543858	0.138209287300002	0.201085369270482	0.200156495081639	0.210271642963166
snR18_YEL032C-A	0	0.110322963575669	0.115073226097754	0.127006787338682	0.143099340193917	0	0
snR18_snR69	0	0.0504873735667527	0.0430854383880282	0	0.0728889507894696	0.0811478715650294	0
snR18_YHL015W-A	0	0.0712482219795633	0.0922004280186183	0	0.0539613785568676	0	0
YMR272W-A_YJL136W-A	0	0.0548866050489437	0.0438236847918516	0.0463669753320388	0.0552118270885555	0	0
YPL152W-A_YEL008C-A	0	0.0215954140496088	0.0174068213291141	0	0.0819677345235597	0	0
YOR302W_YER053C-A	0	0.0442601996056818	0.0448912571446216	0	0.0508027007847157	0	0
YJR151W-A_YDL232W	0	0.215198884858934	0.201648177130128	0.182204277870671	0.237153575899765	0	0
YJR151W-A_YPR160W-A	0	0.109420012223259	0.0949758484891114	0.0875587154761655	0.0780640396032058	0.135527667522022	0.101547827936972
YBR141W-A_YKL106C-A	0	0.058307605539229	0.0652732272512116	0.0605037104149616	0.0845453913000988	0.0832559969665204	0.0790783423981958
YBR141W-A_YLR154W-F	0	0.0613047570624086	0	0	0.0545917647483195	0	0
snR39_YDL232W	0	0.150597434331763	0.139291867679617	0.15345308464936	0.210629688473001	0.201356007988435	0.217614469654282
snR79_YPL189C-A	0	0.101296635805649	0.0986669205500641	0	0.0768808067857443	0.0746010767198319	0.057246025689213
snR79_snR39B	0	0.0902048932730771	0.0977814438284611	0.108968812988753	0.159744331064272	0.0913431129176414	0.0501795785695324
YLR154W-F_YBR141W-A	0	0.0580045696497881	0.0474313127073855	0.0380160996149413	0.053410708271837	0	0
YOR161W-A_YEL008C-A	0	0	0.0399004985974918	0	0.0637758516211757	0	0
YDL232W_YNL144W-A	0	0	0.0598511172133534	0.048859625641279	0.0973808947226836	0.050701678371795	0.0546065745864236
snR18_YCR047W-A	0	0	0.0370144758220091	0.0418902304757645	0.0618772612564341	0	0
tV(AAC)O_YJL136W-A	0	0	0.0500416365643097	0.0676085374606375	0.0692165980643546	0.0405949040077884	0.0168076827177886
YER053C-A_YOR302W	0	0	0.0477490621732105	0	0.0546714601939399	0	0
snR39_snR69	0	0	0.0500026428989868	0.0425439096512875	0.0750620858564518	0.0813895569614457	0
YCR024C-A_YBR141W-A	0	0	0.0376308362986622	0	0.0556873416241777	0.0488319987439106	0.0515392905364637
YDL232W_snR66	0	0	0	0.036096194937443	0.0579886597354319	0	0
YDL232W_snR74	0	0	0	0.0438690085638085	0.0640019735402592	0.0271234886350127	0.0306461258404111
YDL232W_snR67	0	0	0	0.079757428809371	0.107934426134439	0	0
YDL232W_YKL100W-A	0	0	0	0.0896287783169122	0.0829333554736753	0	0
YPL152W-A_YPL189C-A	0	0	0	0.0371765784102928	0.0568595613189335	0.0521894221036748	0.040182749499022
YEL032C-A_YHL015W-A	0	0	0	0	0.058137095283808	0.062971864019301	0
YOR161W-A_YPL152W-A	0	0	0	0	0.0747574939796378	0	0.0327353991971321
YDL232W_snR18	0	0	0	0	0.170980172649272	0.197701933450775	0.257393808084089
YDL232W_YBL006W-A	0	0	0	0	0.0845316757332602	0	0
YDL232W_snR69	0	0	0	0	0.0839455947339679	0.0818217533486746	0.0938109761384995
YDL232W_YPR160W-A	0	0	0	0	0.0906778715765354	0	0
YDL232W_YKL156C-A	0	0	0	0	0.145623062332276	0	0
YDL232W_YDL247W-A	0	0	0	0	0.0582775517155093	0.0175846844864614	0.0211690587265966
YDL232W_YMR182W-A	0	0	0	0	0.153734969746836	0.0643317885934521	0.0724137350123818
YDL232W_tR(CCU)J	0	0	0	0	0.0891372547044734	0.0705893279760354	0.072014847051999
YDL232W_snR53	0	0	0	0	0.052001239347363	0	0
YDL232W_YCR024C-A	0	0	0	0	0.0765022151691175	0	0
YDL232W_YLR299C-A	0	0	0	0	0.104429624169289	0	0.0679814082183805
YDL232W_YBR126W-A	0	0	0	0	0.0709588458177255	0	0.058164571550462
snR18_YKL106C-A	0	0	0	0	0.0918256969227888	0.116800902429777	0
snR18_YDL232W	0	0	0	0	0.175152757257781	0.198742442901678	0.262718758182356
snR18_snR87	0	0	0	0	0.0608150639615176	0	0
snR18_YHR073W-A	0	0	0	0	0.0504208591423452	0.0639246599084177	0.0634851297819064
snR76_YEL008C-A	0	0	0	0	0.0564952385157061	0	0
snR76_snR39B	0	0	0	0	0.0747827833529662	0	0
YML129C_YOR302W	0	0	0	0	0.0561008579121491	0.0276060736604622	0.027362405172024
YEL008C-A_YPL152W-A	0	0	0	0	0.0825732055079585	0	0
YEL008C-A_YPL189C-A	0	0	0	0	0.0566546943647886	0	0
snR64_YKL156C-A	0	0	0	0	0.0565367614326716	0	0.0239026564329401
YKL156C-A_snR64	0	0	0	0	0.0542020953133198	0.0210355656923654	0.0236271469221925
YKL156C-A_YLR299C-A	0	0	0	0	0.0609474097399059	0	0
tV(AAC)O_YDR034C-A	0	0	0	0	0.0524797676606762	0	0
tV(AAC)O_YAL037C-A	0	0	0	0	0.0528740320710882	0	0
YMR272W-A_YPR182W	0	0	0	0	0.0715958919084379	0.0354985323679796	0
YPL152W-A_YOR161W-A	0	0	0	0	0.0755863147941559	0.0438058808130411	0.0326416067205533
YPL152W-A_YLR402W	0	0	0	0	0.0570937137967189	0	0.0475569662019155
YPL152W-A_YMR251W-A	0	0	0	0	0.0500251082149309	0.0420692310751086	0.0314853211171049
YPL152W-A_snR39B	0	0	0	0	0.107486706702842	0	0
YOR302W_YML129C	0	0	0	0	0.0521263140752945	0	0
YMR182W-A_YDL232W	0	0	0	0	0.148383067503852	0.062233506786128	0.0719610657749129
YJR151W-A_YKL156C-A	0	0	0	0	0.126449336633129	0	0
YJR151W-A_YDL247W-A	0	0	0	0	0.0520893987866562	0	0
YJR151W-A_YLR299C-A	0	0	0	0	0.0899313383910103	0	0
YBR141W-A_YCR024C-A	0	0	0	0	0.0589765099856674	0.0486872853044736	0
snR39B_YEL008C-A	0	0	0	0	0.102669399034127	0	0.0407059623475442
snR39B_YPL152W-A	0	0	0	0	0.106497615137477	0	0
snR39B_YPL189C-A	0	0	0	0	0.0685604662795593	0	0
YLR299C-A_YKL156C-A	0	0	0	0	0.0607362035284818	0	0
snR79_YEL008C-A	0	0	0	0	0.122978956176322	0.0654244351612022	0.0505939986759686
snR79_YPL152W-A	0	0	0	0	0.113253541374104	0.0726320599099507	0
