	weight_1	weight_2	weight_3	weight_4	weight_5	weight_6	weight_7
YEL032C-A_tV(AAC)O	0.152636017702119	0.140660610993996	0.154576711280539	0.177720500378381	0.179832917820586	0	0
snR77_YJL127W-A	0.0320751246844117	0	0.0578655097484416	0	0	0	0
YDL232W_snR79	0.131172630416963	0	0.12899165827117	0.144828480415262	0	0	0
YKL156C-A_snR79	0.164771724461293	0.181074481602116	0.173828695150765	0.167052222180857	0.127933369337276	0.038434004983174	0.0361525584669993
tV(AAC)O_tF(GAA)Q	0.0712990339754932	0.0690557220420426	0.0721791938959196	0.0738718229950322	0.070985702315644	0.0258751405964113	0.0103154890045837
tV(AAC)O_tN(GUU)Q	0.0531715069944509	0.0474017087960596	0.057495622424034	0	0.0592642556088524	0.0284246788147515	0.0129607615943681
YDL184C_tV(AAC)O	0.103278820539415	0.103701832588768	0.107790542204464	0.11049475167206	0.116254630057091	0	0
YMR272W-A_snR77	0.0672348607414998	0.142938482240975	0.137908949351572	0.128498772314865	0.137692646641152	0.0208404312155312	0
YMR272W-A_tV(AAC)O	0.0911009572113448	0.102478395550307	0.12680046550014	0.149926151864793	0.141093729872058	0	0
snR67_snR79	0.142046096788779	0.153481161110071	0.113738808557069	0	0	0	0
YMR182W-A_snR79	0.0662948073295515	0.103670221035249	0.121534673935586	0.0996506589893847	0	0	0
YER053C-A_snR77	0.0758389584888497	0.104451561884895	0.100100556749144	0.0937263597377864	0	0	0
snR39_tR(CCU)J	0.088896439238247	0.0955101768312783	0.0972956981212176	0.115023582828242	0	0.0747691064899096	0
YEL032C-A_tF(GAA)Q	0	0.0487150096764369	0.0529023126572896	0	0	0	0
YDL232W_YJR151W-A	0	0.212581214950463	0.201639699458059	0.178996276830449	0.235893735609834	0	0
YML129C_snR77	0	0.0898503944315969	0.102712310450303	0.0875713676215083	0.0776464983161523	0	0
YJR151W-A_tR(CCU)J	0	0.109689472864281	0.093348707568684	0	0	0	0
YHL015W-A_tR(CCU)J	0	0.058771071272784	0.0760158128125547	0	0	0	0
tV(AAC)O_snR79	-0.174470772487582	-0.202607596656096	-0.184475628206162	-0.189532120947329	-0.177898386958048	0	0
snR79_tV(AAC)O	-0.174231379164368	-0.202663672052784	-0.188423747964136	-0.194341476395938	-0.179941399177997	0	0
YGR068W-A_tR(CCU)J	0	-0.0502403560676275	-0.0560194744931794	-0.0497323004888822	0	0	0
tV(AAC)O_YJR151W-A	0	-0.120551531572277	-0.136913067526551	0	0	-0.0768441915359022	-0.0742616627235939
YJR151W-A_snR77	0	-0.202523023475656	-0.207562051267135	-0.158089918121619	-0.140441749131388	0	0
YJR151W-A_YJL127W-A	0	-0.0622982966371486	-0.0563121564898225	-0.053571854419679	0	0	0
YJR151W-A_tV(AAC)O	0	-0.129064779992599	-0.146468930828765	0	-0.121784015471674	0	0
tR(CCU)J_snR77	0	-0.0935217807582859	-0.0930065097789152	0	0	0	0
snR79_tF(GAA)Q	0	-0.0794895788089162	-0.0718307920370362	0	0	0	0
snR79_tN(GUU)Q	0	-0.0501227281544855	-0.0586495234405508	0	0	0	0
snR77_tR(CCU)J	0	0	-0.0893466554391781	0	0	0	-0.0169627885988576
