	weight_1	weight_2	weight_3	weight_4	weight_5	weight_6	weight_7
YEL032C-A_YKL106C-A	0.0887114432772751	0.0705656293664367	0	0	0.0872404485390899	0.0870404463675029	0.0787173328466108
YEL032C-A_YDL061C	0.0699669379000501	0.0589220690453626	0	0	0.083109018083598	0	0
YEL032C-A_snR39	0.129739214604677	0.103412701169169	0.111725888847584	0.146323351826725	0.137887259251326	0.140803499920914	0
snR77_YLR162W-A	0.00938729029925264	0.0565762057378735	0	0	0	0	0
YDL232W_YKL162C-A	0.0264106754256684	0.0502614021238821	0.0505232912361205	0.047691029006902	0.0600252207478676	0	0.0489465010536257
YDL232W_snR64	0.0606839464006097	0.0879628368241726	0.0899176922109426	0.0834976956744696	0	0	0
YDL232W_YBR141W-A	0.133647207124706	0.158745468074862	0.144858813253887	0.153441438658193	0.178673969338591	0.104598318329821	0
snR18_snR39	0.184635135738049	0.118016287863027	0.124896372039276	0.14927955524917	0.172049412103885	0.206599166562072	0.182845728091289
snR87_YBR141W-A	0.136998116244712	0.0787927569186283	0.0637817354899207	0	0	0.0491616846122481	0.0399075263568262
YML129C_YER053C-A	0.0497315903032071	0.0603369959700597	0.0550660952752107	0.063030962990599	0.041530230626784	0	0
YNL097W-A_YER053C-A	0.0655350730260935	0.051383244817405	0.0498784560837613	0.062941079110368	0.040114065490776	0	0
tV(AAC)O_YEL032C-A	0.152543631460266	0.143053259800506	0.158187279754768	0.180637724669338	0.18221339451603	0	0
YMR272W-A_YKL106C-A	0.0668940959708187	0.070674633268789	0.0647297287110545	0.0637363522145271	0	0.0441566589514368	0
YMR272W-A_YEL032C-A	0.10692570977958	0.0982947889323497	0.112680307648656	0.133049522902875	0.124878256131298	0.0528087926578479	0.078478090355195
YMR272W-A_YLR402W	0.0536698278431665	0.0579347282393585	0.0559588499544635	0	0.0703103913134327	0	0
YMR272W-A_YDL061C	0.0521899410976126	0.0629585860308431	0.0698083291936781	0.0750780546329543	0.072636646555855	0.0210730880017204	0
YMR272W-A_YML129C	0.0575200576715147	0.0845608381398087	0.0824239108423909	0.0797580896335722	0.0838228448029583	0.0227361221748467	0
YMR272W-A_YNL097W-A	0.064346815182165	0.0756917542272914	0.0729215093425554	0	0.0689979524835917	0.0397354444263059	0
YMR272W-A_YOR302W	0.0543943665306757	0.068655929409623	0.0761278434009001	0.0789232564139895	0.101815008822043	0.0453981827435955	0
YMR272W-A_YER053C-A	0.0906595960474518	0.0968134056321875	0.0839617883165613	0.0850633025318096	0.076478742476649	0.0416295730002551	0.0724092190765684
YPL189C-A_YBL006W-A	0.0367766652414168	0.0544484419257939	0.0496365688199011	0.0443324308532845	0	0	0
YJR151W-A_snR38	0.0173147690555056	0.0586250017354806	0	0	0	0	0
YJR151W-A_snR72	0.0167750819769726	0.0555155729577812	0	0	0	0	0
YBR141W-A_YDL232W	0.138391754413908	0.167782557321273	0.149220803737988	0.157021632614274	0.184730755324707	0.103965905338205	0.101765762502402
YBR141W-A_snR87	0.133469797220712	0.0780561570514095	0	0	0	0.0486790159115173	0
YBR141W-A_snR55	0.0942793208990966	0.0563563775981808	0.0438948702674228	0	0	0	0
YBR141W-A_snR39B	0.132577706161133	0.0827460398149973	0.0670648220396508	0	0	0	0.0631562639182871
YER053C-A_YNL097W-A	0.0623504070325326	0.0517419209523859	0.0497740367386765	0.0621876185257482	0.0401805562592	0	0
tR(CCU)J_snR39	0.0841579451832674	0.091843516265273	0.0974678493712302	0.115335757451993	0	0.0740737435343155	0.0537513332154502
snR39_YCR038W-A	0.0724606405172636	0.0852197400489256	0.0862532641417339	0.0841123331497902	0	0	0
snR39_snR87	0.114000106299134	0.0758394074134836	0.0865730322154882	0.127226886310558	0	0.0832095258318601	0
snR39_YEL008C-A	0.145103336227614	0.0905120959934193	0.0948210370697287	0.0864517809443517	0	0	0
snR39_snR128	0.0766713962985261	0.0729410261761864	0.0704629442925978	0.0566971815162044	0	0	0
snR39_YKR057W	0.0510274311968408	0.0583077081815276	0.0623213930394455	0.0672884110593373	0	0	0
snR39_tR(CCU)J	0.088896439238247	0.0955101768312783	0.0972956981212176	0.115023582828242	0	0.0747691064899096	0
snR39_YBR126W-A	0.0637734416998907	0.0604799312664937	0.0587406537281246	0.0623975582270014	0	0	0
snR39B_YBR141W-A	0.124634156412053	0.0760165776325235	0.0632194263934121	0	0	0	0.0625350358456921
snR79_YOR161W-A	0.0985403543863548	0.0635029857910132	0	0	0	0.0642680741640154	0.0539556928187308
snR79_snR64	0.114715444075777	0.0856313720882962	0	0	0.0797507690257347	0	0
snR79_snR66	0.116881346926491	0.127121439467093	0.086495561659794	0.0385766841502353	0	0	0
snR79_YKL156C-A	0.170265216364629	0.182288235971391	0.181163318540323	0.171894068920776	0.129479030477439	0	0
snR79_YNL103W-A	0.0419692063937213	0.0602248947162352	0.0719744486078011	0.0654735514139149	0.0557133406838987	0	0
snR79_snR74	0.0865477697307854	0.0981441008323038	0.0725992745288737	0.0490160918777016	0	0	0
snR79_YDL133C-A	0.113737305877343	0.141559268464438	0.103413599880347	0.0623462811176563	0.0453483280044163	0	0
snR79_YEL017C-A	0.0766966490119475	0.0674421160125202	0.0429100577269588	0	0.0556082605770943	0.0372252110169457	0
snR79_snR67	0.148025025395861	0.156988560288398	0.113579065711468	0	0	0	0
snR79_YMR182W-A	0.0708009121555635	0.112015607400138	0.130039151623534	0.102547791387185	0	0	0
snR79_YBR141W-A	0.224815086636015	0.13754845110383	0	0	0	0	0.0697785392821018
snR79_YHR032C-A	0.0510795943223973	0.0772986442721337	0	0	0	0	0
snR79_YGL014C-A	0.0434576300373301	0.0512039362767291	0.0546530830206523	0.0531135374053723	0	0	0
snR79_YLR163W-A	0.0642551143580692	0.0722951495218938	0.0740563186698067	0.0673724790155998	0.055500221162954	0	0
snR79_snR55	0.0806829267906619	0.0593204329967648	0	0	0	0	0
snR79_YKL100W-A	0.119215732690753	0.114917774997654	0.0907371720468036	0	0	0	0
snR79_YLR299C-A	0.0871669272219442	0.109599370442404	0.115919153348345	0.09727744192215	0	0	0
YEL032C-A_snR40	0	0.0622192737295164	0	0	0	0	0
YEL032C-A_YOR302W	0	0.0740643383569317	0.0825897493704301	0.100224894672342	0	0	0
YEL032C-A_YLR399W-A	0	0.0653487036438651	0.0608071382009355	0	0	0	0
YGR068W-A_YBL006W-A	0	0.0606248032016269	0.0538643517733514	0.043243544033842	0	0	0.0100917021454607
YGR068W-A_YPL189C-A	0	0.0618618323931276	0.0687236857751437	0.074278710546367	0.0271167121684902	0.0261989924707803	0.0191521609376826
YDL232W_snR87	0	0.102190293367814	0	0	0.0905859307488944	0.087906925031628	0.0744374054354003
YDL232W_YEL008C-A	0	0.131071634929526	0.124110085693537	0.107690750186512	0	0	0
YDL232W_snR55	0	0.0629093141305242	0.0658744246519807	0.0712384051100184	0.0604045416674476	0	0
YDL232W_snR39	0	0.140071609102842	0.132576915543858	0.138209287300002	0.201085369270482	0.200156495081639	0.210271642963166
YDL232W_snR39B	0	0.0957291288436946	0.0965100780453389	0	0	0	0
snR18_YEL032C-A	0	0.110322963575669	0.115073226097754	0.127006787338682	0.143099340193917	0	0
snR18_YCR038W-A	0	0.070815949196577	0.0698871581995622	0	0	0	0
snR18_snR69	0	0.0504873735667527	0.0430854383880282	0	0.0728889507894696	0.0811478715650294	0
snR18_snR128	0	0.0661126162066134	0.0603963142073811	0.0449931013201694	0	0	0
snR18_snR40	0	0.0530725692505399	0.0661252495509532	0	0	0	0
snR18_tR(CCG)L	0	0.0535119206837734	0.0584088854721685	0	0.0444785780736506	0.0612569420833314	0
snR18_YKR057W	0	0.0506502117151066	0.0522569452234525	0	0	0	0
snR18_tR(CCU)J	0	0.065037488878062	0	0	0	0.0800593154939295	0.0681246444167236
snR18_YHL015W-A	0	0.0712482219795633	0.0922004280186183	0	0.0539613785568676	0	0
YCR038W-A_tR(CCU)J	0	0.0537804947366038	0	0	0	0	0
YCR038W-A_YHL015W-A	0	0.051999641873177	0.0661916339911713	0	0.0175059917774124	0	0
YBL006W-A_YPL189C-A	0	0.055163559285493	0.0524710590356331	0.0470108827992841	0	0	0
snR87_YDL232W	0	0.108750505178647	0.0969529073170521	0.105778856315776	0.0959149740286709	0.0882122428326055	0.077054323424089
snR87_YEL008C-A	0	0.064306908190101	0.0591906177430283	0	0	0	0
YEL008C-A_YDL232W	0	0.13628101831259	0.126756336712567	0.114955050484466	0	0	0
snR64_YBR141W-A	0	0.0774426086466502	0.0599287624648876	0.0641403251521559	0	0.0358340433530021	0.0375171610828572
YMR272W-A_YDR354C-A	0	0.0530163947440134	0	0	0	0.0235654291305119	0
YMR272W-A_YJL136W-A	0	0.0548866050489437	0.0438236847918516	0.0463669753320388	0.0552118270885555	0	0
YMR272W-A_YPL189C-A	0	0.0603434452106022	0	0	0	0	0
YMR272W-A_YCR024C-A	0	0.0716601703156894	0	0	0	0.0395552923911944	0
YJR151W-A_tQ(UUG)B	0	0.0550568439866154	0.0477467806881296	0.0436107412942685	0.0390254309485563	0	0
YJR151W-A_snR54	0	0.0520678706775007	0.0466332639833865	0.0360406340849251	0	0	0.0491844697218979
YJR151W-A_YOR161W-A	0	0.0694858825706252	0.0733284682183385	0.0638603097201878	0	0	0
YJR151W-A_YDL232W	0	0.215198884858934	0.201648177130128	0.182204277870671	0.237153575899765	0	0
YJR151W-A_snR87	0	0.0925220855263504	0	0	0	0	0
YJR151W-A_YKL162C-A	0	0.0519598745721358	0.0484737311477599	0.047125952797373	0	0	0
YJR151W-A_YPR160W-A	0	0.109420012223259	0.0949758484891114	0.0875587154761655	0.0780640396032058	0.135527667522022	0.101547827936972
YJR151W-A_tR(CCU)J	0	0.109689472864281	0.093348707568684	0	0	0	0
YJR151W-A_YNL144W-A	0	0.0556481059256491	0.067723583608246	0.0550612025466258	0	0	0
YJR151W-A_YJL077W-A	0	0.0654684180172747	0	0	0	0	0
YJR151W-A_tR(ACG)J	0	0.0519737770880698	0.0450730618842054	0.041168631954726	0.0368400892971489	0	0
YBR141W-A_YKL106C-A	0	0.058307605539229	0.0652732272512116	0.0605037104149616	0.0845453913000988	0.0832559969665204	0.0790783423981958
YBR141W-A_snR64	0	0.0791448984376331	0.0605772521157808	0.0635542331607353	0	0	0
YBR141W-A_YLR154W-F	0	0.0613047570624086	0	0	0.0545917647483195	0	0
YER053C-A_YEL032C-A	0	0.0738790789220374	0	0	0.0688707114567553	0.042301810690335	0
YER053C-A_YML129C	0	0.0631633008768881	0.0565388533383789	0.0649390135408775	0.0428460806551371	0	0
tR(CCU)J_YEL008C-A	0	0.0661752943690194	0.065461634147234	0	0	0	0
snR39_YEL032C-A	0	0.0982749612195409	0.104274759603146	0.138645880306065	0	0.137262608571307	0
snR39_YDL232W	0	0.150597434331763	0.139291867679617	0.15345308464936	0.210629688473001	0.201356007988435	0.217614469654282
snR39_tR(CCG)L	0	0.0667538194089052	0.0759275951725155	0.0884634218341267	0	0.0566205423209238	0
snR39_snR85	0	0.0529226727477951	0.0471758980930348	0	0	0	0
snR39_YHL015W-A	0	0.0932791434626993	0.118371124797398	0.161548286540308	0	0	0
YHL015W-A_tR(CCU)J	0	0.058771071272784	0.0760158128125547	0	0	0	0
YHL015W-A_snR39	0	0.089060566755305	0.120017042127425	0.164889820223327	0.0551540706896653	0	0
snR79_snR73	0	0.058082692774155	0.0485158664860029	0.0325721443691249	0	0	0
snR79_YBL006W-A	0	0.111155754384497	0.0946864591169961	0	0	0	0
snR79_snR76	0	0.128086385707431	0.119986575084654	0.104958478601758	0.0993158355503312	0	0
snR79_YLR149C-A	0	0.065475410459825	0.0633854594855078	0	0.0497004498737557	0.0153020405352445	0
snR79_YOR335W-A	0	0.0505738250715097	0.0317211568357933	0	0	0	0
snR79_YDL247W-A	0	0.0649972784261361	0.0683003101997123	0.0540215608768933	0	0	0
snR79_YPL189C-A	0	0.101296635805649	0.0986669205500641	0	0.0768808067857443	0.0746010767198319	0.057246025689213
snR79_snR24	0	0.0640227401608759	0	0	0	0	0
snR79_YNL130C-A	0	0.0579428317511213	0.0628181057369039	0	0	0	0
snR79_YDR371C-A	0	0.0503176278888033	0.0513300076735587	0.0551809578351603	0.0359263481087957	0	0
snR79_tE(UUC)M	0	0.0644241076211809	0	0.0122598456169867	0	0	0
snR79_YMR251W-A	0	0.0522759588524077	0.0423041997329565	0	0	0.0538421950265792	0
snR79_snR39B	0	0.0902048932730771	0.0977814438284611	0.108968812988753	0.159744331064272	0.0913431129176414	0.0501795785695324
snR79_YLR154W-F	0	0.0684340286873274	0	0	0	0	0
snR79_YER138W-A	0	0.0661395348732317	0	0	0	0	0
