	weight_1	weight_2	weight_3	weight_4	weight_5	weight_6	weight_7
YKL106C-A_YEL032C-A	0.0902273032887603	0.0728623261096323	0.0626290795134014	0.0613030536532205	0.0870850317581164	0.0850711105815829	0.0754543295269067
YKL106C-A_YDL232W	0.0522729374352083	0.0500007068665047	0.0568109671544698	0.0519143460291784	0.121756595792356	0.118780095518413	0.149155807053006
YEL032C-A_YKL106C-A	0.0887114432772751	0.0705656293664367	0	0	0.0872404485390899	0.0870404463675029	0.0787173328466108
YEL032C-A_YMR272W-A	0.103543177363726	0.0948086288705255	0.111975251670116	0.128841363645958	0.121009314097754	0	0.0796662266079309
YDL232W_YKL106C-A	0.0522570169818648	0	0	0	0.124148745768044	0.118292064384971	0.148835809648962
YDL232W_YER090C-A	0.0286132837829654	0.041028621310802	0	0	0.0542889670324945	0	0.0875656270980923
snR18_tV(AAC)O	0.142668228203284	0.102303699071121	0.100157488017549	0.108465400619443	0.125355068864165	0.129373643692083	0.0806350859000253
YLR402W_snR128	0.0252811841171665	0	0	0	0.032872413653714	0.0366560953511731	0.0513489936786739
YEL008C-A_YBR141W-A	0.141034651032608	0	0	0	0	0.0516901784170663	0.0673998868032649
YMR272W-A_YEL032C-A	0.10692570977958	0.0982947889323497	0.112680307648656	0.133049522902875	0.124878256131298	0.0528087926578479	0.078478090355195
YMR272W-A_YER053C-A	0.0906595960474518	0.0968134056321875	0.0839617883165613	0.0850633025318096	0.076478742476649	0.0416295730002551	0.0724092190765684
snR67_YJR151W-A	0.104588263983225	0	0	0.0688876270667627	0	0.497536697403133	0.422524863086001
YOR302W_snR128	0.0349369707154903	0	0	0	0	0.0416527604565348	0.0708803014863173
YJR151W-A_snR67	0.0912099885128904	0	0	0.072738660506346	0	0.491125597814043	0.418602966627581
YJR151W-A_YLR163W-A	0.0360303231087803	0	0	0	0	0.150024978777998	0.14796567242431
YBR141W-A_snR39B	0.132577706161133	0.0827460398149973	0.0670648220396508	0	0	0	0.0631562639182871
YBR141W-A_snR79	0.227505042119538	0.147562310542049	0.109121217134556	0	0	0	0.0719617855058171
YER053C-A_YMR272W-A	0.0964531600192596	0.10109281158041	0.0859621344081525	0.088963601470544	0.0801913424002499	0.0418404995305578	0.0730417687888338
snR39_tV(AAC)O	0.157929672474916	0	0	0	0	0.116780150772739	0.0645582170326228
snR39_YER090C-A	0.0455448145874788	0	0	0	0	0	0.0648513138603977
snR79_YOR161W-A	0.0985403543863548	0.0635029857910132	0	0	0	0.0642680741640154	0.0539556928187308
snR79_YBR141W-A	0.224815086636015	0.13754845110383	0	0	0	0	0.0697785392821018
YKL106C-A_YBR141W-A	0	0.0571541504411578	0.0647407819475775	0.0590352664135245	0.0826375846737848	0.0853362819317667	0.0815698836269991
YDL232W_snR87	0	0.102190293367814	0	0	0.0905859307488944	0.087906925031628	0.0744374054354003
YDL232W_YNL145W	0	0.0309211048350792	0.0328190100129131	0.0294683461210179	0.0673722951377199	0.0390726220124311	0.0548290451269491
snR18_tR(CCU)J	0	0.065037488878062	0	0	0	0.0800593154939295	0.0681246444167236
YOR302W_YLR402W	0	0.0332945398629484	0	0	0.0452527828409737	0.0575609766723421	0.0896657244288589
YJR151W-A_YPR160W-A	0	0.109420012223259	0.0949758484891114	0.0875587154761655	0.0780640396032058	0.135527667522022	0.101547827936972
YBR141W-A_YKL106C-A	0	0.058307605539229	0.0652732272512116	0.0605037104149616	0.0845453913000988	0.0832559969665204	0.0790783423981958
snR39_YDL232W	0	0.150597434331763	0.139291867679617	0.15345308464936	0.210629688473001	0.201356007988435	0.217614469654282
snR79_YPL189C-A	0	0.101296635805649	0.0986669205500641	0	0.0768808067857443	0.0746010767198319	0.057246025689213
snR79_snR39B	0	0.0902048932730771	0.0977814438284611	0.108968812988753	0.159744331064272	0.0913431129176414	0.0501795785695324
YPL135C-A_snR79	0	0.0625151569516506	0.0756082323626278	0.0588022917909285	0.0560943843022935	0.0568371879860128	0.058179008507774
YDL232W_YNL144W-A	0	0	0.0598511172133534	0.048859625641279	0.0973808947226836	0.050701678371795	0.0546065745864236
snR59_YDL232W	0	0	0.0266573871192244	0.0365789185562585	0.0423732063265684	0.0685421784597179	0.130458793281969
YJR151W-A_snR66	0	0	0	0.0342058875247243	0	0.163677334594604	0.153976605403993
YJR151W-A_YOR335W-A	0	0	0	0.0296896309437657	0.024133244920785	0.105058481233118	0.0941328833319152
YJR151W-A_YKL100W-A	0	0	0	0.0878730978441139	0	0.167080265689639	0.155061898832563
YBR141W-A_YEL008C-A	0	0	0	0.0804702287666635	0	0.051020245877039	0.0667158150619699
snR59_YEL032C-A	0	0	0	0.0285168212080794	0.0368902677573337	0.0483800991971653	0.0667320522085092
YDL232W_snR69	0	0	0	0	0.0839455947339679	0.0818217533486746	0.0938109761384995
YDL232W_YMR182W-A	0	0	0	0	0.153734969746836	0.0643317885934521	0.0724137350123818
YDL232W_tR(CCU)J	0	0	0	0	0.0891372547044734	0.0705893279760354	0.072014847051999
YDL232W_YLR299C-A	0	0	0	0	0.104429624169289	0	0.0679814082183805
YDL232W_snR78	0	0	0	0	0.0451285984912987	0.0366978862449934	0.0626436218620941
YDL232W_YBR126W-A	0	0	0	0	0.0709588458177255	0	0.058164571550462
snR18_YDL232W	0	0	0	0	0.175152757257781	0.198742442901678	0.262718758182356
snR18_YHR073W-A	0	0	0	0	0.0504208591423452	0.0639246599084177	0.0634851297819064
YNL097W-A_YBR141W-A	0	0	0	0	0.0352194436835965	0.0559658199717338	0.0630860563398247
snR128_YLR402W	0	0	0	0	0.0312295589864316	0.0357564670171852	0.0507157857509702
YPL152W-A_snR24	0	0	0	0	0.0487741791153204	0	0.0530673822799249
snR24_YPL152W-A	0	0	0	0	0.047672309874474	0	0.0512599682741582
snR79_YEL008C-A	0	0	0	0	0.122978956176322	0.0654244351612022	0.0505939986759686
YEL032C-A_YDL232W	0	0	0	0	0	0.154552924937784	0.159796238943051
YEL032C-A_snR59	0	0	0	0	0	0.0498446213572834	0.0693435700771775
YDL232W_YEL032C-A	0	0	0	0	0	0.150574396847096	0.15221782168409
YDL232W_tV(AAC)O	0	0	0	0	0	0.107469556969156	0.0846282249600512
YDL232W_YHR073W-A	0	0	0	0	0	0.0585868150681627	0.0723259657851096
YDL232W_snR59	0	0	0	0	0	0.0682258548877026	0.128466863790974
snR18_YLR299C-A	0	0	0	0	0	0.047837628083007	0.0629156435979563
YLR402W_snR79	0	0	0	0	0	0.0756236490363371	0.0722035786863703
YNL097W-A_snR79	0	0	0	0	0	0.0588430599097113	0.0621902125036669
YMR272W-A_YKL100W-A	0	0	0	0	0	0.0306771793280784	0.0559589181536503
YMR272W-A_YHL015W-A	0	0	0	0	0	0.0322189930861134	0.0529772053835836
YOR302W_YPL189C-A	0	0	0	0	0	0.0550264324568352	0.0635800280899861
YOR302W_snR79	0	0	0	0	0	0.0818699362092806	0.10420324616748
YJR151W-A_YMR315W-A	0	0	0	0	0	0.046159232466766	0.0504451545360695
YJR151W-A_snR61	0	0	0	0	0	0.0671648854655626	0.0623173589950233
YJR151W-A_snR71	0	0	0	0	0	0.104282672811179	0.103777440463189
YJR151W-A_snR58	0	0	0	0	0	0.0866416233997794	0.116083818290993
YJR151W-A_snR75	0	0	0	0	0	0.15438737481613	0.196202898942353
YJR151W-A_snR24	0	0	0	0	0	0.15520463805317	0.159716924033828
YJR151W-A_snR51	0	0	0	0	0	0.0758164696783738	0.0692583777650837
YJR151W-A_YHL015W-A	0	0	0	0	0	0.178106018237901	0.153323396250493
YJR151W-A_YLR154W-F	0	0	0	0	0	0.328164337274035	0.331075861264739
YJR151W-A_YDL114W-A	0	0	0	0	0	0.116240839695783	0.0983587927600083
YBR141W-A_YCR038W-A	0	0	0	0	0	0.0527526427062949	0.0560757268202657
YBR141W-A_YNL097W-A	0	0	0	0	0	0.0548153548297626	0.0627185325878272
YKL100W-A_YER053C-A	0	0	0	0	0	0.0397316621093109	0.0614338392827672
snR39_YHR073W-A	0	0	0	0	0	0.0601632694837809	0.0519877593481844
snR39_YMR182W-A	0	0	0	0	0	0.0673532575397918	0.0550108281267841
snR79_YLR402W	0	0	0	0	0	0.0770967567805306	0.0743982868758003
snR79_YNL097W-A	0	0	0	0	0	0.0590726137117131	0.0615973419057024
snR79_snR128	0	0	0	0	0	0.0525738177453802	0.0604585928816687
snR79_YPL135C-A	0	0	0	0	0	0.057273103286937	0.058792895422493
YLR154W-F_YJR151W-A	0	0	0	0	0	0.326515758121328	0.330502855358153
YEL032C-A_YER053C-A	0	0	0	0	0	0	0.0746311529853945
YDL232W_YLR149C-A	0	0	0	0	0	0	0.0528681159508726
YDL232W_snR50	0	0	0	0	0	0	0.0734935052239929
snR18_YER090C-A	0	0	0	0	0	0	0.0772752891825427
YOR302W_YOR161W-A	0	0	0	0	0	0	0.0705908611854374
YOR302W_YPL152W-A	0	0	0	0	0	0	0.0605952605085762
YOR302W_tV(UAC)Q	0	0	0	0	0	0	0.0530926397160993
YJR151W-A_snR57	0	0	0	0	0	0	0.0631609719804419
YJR151W-A_snR76	0	0	0	0	0	0	0.144501132711522
YKL100W-A_YMR272W-A	0	0	0	0	0	0	0.056211975506541
YHL015W-A_YMR272W-A	0	0	0	0	0	0	0.0547836052981166
snR79_YCR024C-A	0	0	0	0	0	0	0.0528270330062632
