	weight_1	weight_2	weight_3	weight_4	weight_5	weight_6	weight_7
YEL032C-A_snR18	0.122393887507261	0.113510757457128	0.117711618815241	0.130829906588649	0.147638868453357	0.133704279413843	0
YEL032C-A_snR128	0.0647968532841586	0	0	0.0551524599111493	0	0	0
YEL032C-A_YMR272W-A	0.103543177363726	0.0948086288705255	0.111975251670116	0.128841363645958	0.121009314097754	0	0.0796662266079309
YEL032C-A_snR39	0.129739214604677	0.103412701169169	0.111725888847584	0.146323351826725	0.137887259251326	0.140803499920914	0
snR77_YDL061C	0.0389705899376183	0	0	0.0739668829270314	0	0	0
snR77_YDR276C	0.0357086596937868	0	0	0.0560585820893497	0	0	0
snR77_YDL184C	0.0552134838661273	0	0	0.0937397120815251	0	0	0
snR77_YMR272W-A	0.0727144412407822	0.143634841731266	0.138380039397598	0.132072205874703	0.13932556029793	0.0215549748913048	0
snR77_YER053C-A	0.0813627079266597	0	0	0.0929819579857905	0	0.0201937998765031	0
YGR068W-A_YKL156C-A	0.0624577563992115	0	0	0.0645863233965167	0.0324903583205047	0	0.0228427009911804
YDL232W_snR64	0.0606839464006097	0.0879628368241726	0.0899176922109426	0.0834976956744696	0	0	0
YDL232W_YEL017C-A	0.0406877844851465	0	0.0532505970859075	0.054908915785853	0	0	0
YDL232W_YBR141W-A	0.133647207124706	0.158745468074862	0.144858813253887	0.153441438658193	0.178673969338591	0.104598318329821	0
snR18_snR39	0.184635135738049	0.118016287863027	0.124896372039276	0.14927955524917	0.172049412103885	0.206599166562072	0.182845728091289
snR76_YKL156C-A	0.0735027812851272	0	0	0.0747716693271131	0	0	0
snR87_snR39	0.112180092727721	0.0732924350131979	0.0840484039471606	0.126625258445613	0	0.0831764879741309	0
YML129C_YDL184C	0.0472970184861454	0.0484824754488533	0.0494654336814441	0.0500252245994034	0	0	0
YML129C_YMR272W-A	0.0582958230960867	0.0846363776732142	0.0828857382725757	0.081377040763694	0.0858830256014344	0	0.0193042646715324
YML129C_YER053C-A	0.0497315903032071	0.0603369959700597	0.0550660952752107	0.063030962990599	0.041530230626784	0	0
YNL097W-A_YER053C-A	0.0655350730260935	0.051383244817405	0.0498784560837613	0.062941079110368	0.040114065490776	0	0
YNL097W-A_YCR024C-A	0.0465159640281261	0.0402901727404303	0.0425022568183668	0.0571079215268348	0	0	0.0383698586387609
tV(AAC)O_YEL032C-A	0.152543631460266	0.143053259800506	0.158187279754768	0.180637724669338	0.18221339451603	0	0
tV(AAC)O_YDL061C	0.0798581798191602	0	0	0.0883327022789749	0.0946567365305154	0	0
tV(AAC)O_tF(GAA)Q	0.0712990339754932	0.0690557220420426	0.0721791938959196	0.0738718229950322	0.070985702315644	0.0258751405964113	0.0103154890045837
tV(AAC)O_YDL184C	0.0981956032965751	0.0982863741702374	0.103244392200938	0.106824947417581	0.113127859969813	0	0
snR40_YBR141W-A	0.0940811132321721	0.0424384408778568	0.0472218332006841	0.060609011600872	0.0384218959540517	0.0486737320912256	0.0501480749192834
YMR272W-A_YKL106C-A	0.0668940959708187	0.070674633268789	0.0647297287110545	0.0637363522145271	0	0.0441566589514368	0
YMR272W-A_YEL032C-A	0.10692570977958	0.0982947889323497	0.112680307648656	0.133049522902875	0.124878256131298	0.0528087926578479	0.078478090355195
YMR272W-A_YDL061C	0.0521899410976126	0.0629585860308431	0.0698083291936781	0.0750780546329543	0.072636646555855	0.0210730880017204	0
YMR272W-A_YDR276C	0.0435959514720946	0.0483720799137045	0.0494550877126895	0.054859846791403	0.074050962920535	0	0
YMR272W-A_YOR302W	0.0543943665306757	0.068655929409623	0.0761278434009001	0.0789232564139895	0.101815008822043	0.0453981827435955	0
YMR272W-A_YER053C-A	0.0906595960474518	0.0968134056321875	0.0839617883165613	0.0850633025318096	0.076478742476649	0.0416295730002551	0.0724092190765684
snR67_YBR141W-A	0.158590382797123	0	0	0.0596564743764145	0	0	0
YPL189C-A_YKL156C-A	0.0649172004992865	0	0	0.0662578864729688	0	0	0
YPL189C-A_YDR524C-B	0.0294882997453393	0.0345339078052243	0.0417012848206768	0.0572838070809138	0.0306057501494702	0.0359038374021744	0.0300722215238111
YPL189C-A_YPL135C-A	0.0360509599256339	0.0406015896917945	0.052895320180102	0.0609844830278546	0.0337269838349396	0.0382605210383902	0.0378669173958613
YOR302W_YEL032C-A	0.0736036599413109	0.0736087447146876	0.0825134607143226	0.0992191133187368	0.084945125527965	0	0
YJR151W-A_snR67	0.0912099885128904	0	0	0.072738660506346	0	0.491125597814043	0.418602966627581
YJR151W-A_snR55	0.0498904595421496	0	0.0593048676859966	0.0722382627794902	0	0	0
YBR141W-A_YDL232W	0.138391754413908	0.167782557321273	0.149220803737988	0.157021632614274	0.184730755324707	0.103965905338205	0.101765762502402
YBR141W-A_snR67	0.161466021650322	0	0	0.0614712730245429	0	0	0
YER053C-A_YNL097W-A	0.0623504070325326	0.0517419209523859	0.0497740367386765	0.0621876185257482	0.0401805562592	0	0
YER053C-A_YMR272W-A	0.0964531600192596	0.10109281158041	0.0859621344081525	0.088963601470544	0.0801913424002499	0.0418404995305578	0.0730417687888338
YER053C-A_YCR024C-A	0.0924411811544112	0.0479539022841852	0	0.0581326199012901	0	0	0
snR39_YJL205C	0.0472175640933675	0	0.0471408572394722	0.0572780324301522	0	0	0
snR39_snR18	0.180879785450929	0.115364741371401	0.119495715530745	0.146133059089427	0.172256436771327	0.206356522206158	0.185452329073319
snR39_YCR038W-A	0.0724606405172636	0.0852197400489256	0.0862532641417339	0.0841123331497902	0	0	0
snR39_snR87	0.114000106299134	0.0758394074134836	0.0865730322154882	0.127226886310558	0	0.0832095258318601	0
snR39_YEL008C-A	0.145103336227614	0.0905120959934193	0.0948210370697287	0.0864517809443517	0	0	0
snR39_snR128	0.0766713962985261	0.0729410261761864	0.0704629442925978	0.0566971815162044	0	0	0
snR39_snR40	0.0878165387297872	0	0.0766187500682446	0.0879270298291444	0	0	0
snR39_snR38	0.026257734915843	0.0455767095598464	0.0503010759670934	0.0577359739470038	0	0.0251293129515171	0
snR39_YOR302W	0.0869469222584387	0	0	0.0782210209629591	0	0	0
snR39_YKR057W	0.0510274311968408	0.0583077081815276	0.0623213930394455	0.0672884110593373	0	0	0
snR39_YBR141W-A	0.190171913258735	0	0.0906445923422226	0.125818981704422	0	0	0
snR39_snR72	0.0260013455649158	0.0386812172988238	0.0398682804713792	0.0518985507113415	0	0.0344975832032536	0
snR39_tN(GUU)Q	0.0624159549679915	0	0	0.0608070354495613	0	0.0408040820994719	0
snR39_snR55	0.0681433361841691	0	0.0426364044186228	0.074284340484101	0	0	0
snR39_YCR047W-A	0.0693165718182637	0	0.0405158202238175	0.0514216103831857	0.0636720788435957	0	0
snR39_YBR126W-A	0.0637734416998907	0.0604799312664937	0.0587406537281246	0.0623975582270014	0	0	0
snR79_YDL232W	0.133760110897819	0	0.124883535722173	0.139416841741612	0	0	0
snR79_YKL156C-A	0.170265216364629	0.182288235971391	0.181163318540323	0.171894068920776	0.129479030477439	0	0
snR79_YNL103W-A	0.0419692063937213	0.0602248947162352	0.0719744486078011	0.0654735514139149	0.0557133406838987	0	0
snR79_YDL133C-A	0.113737305877343	0.141559268464438	0.103413599880347	0.0623462811176563	0.0453483280044163	0	0
snR79_YMR182W-A	0.0708009121555635	0.112015607400138	0.130039151623534	0.102547791387185	0	0	0
snR79_YGL014C-A	0.0434576300373301	0.0512039362767291	0.0546530830206523	0.0531135374053723	0	0	0
snR79_YLR163W-A	0.0642551143580692	0.0722951495218938	0.0740563186698067	0.0673724790155998	0.055500221162954	0	0
snR79_YLR299C-A	0.0871669272219442	0.109599370442404	0.115919153348345	0.09727744192215	0	0	0
YPL135C-A_YNL097W-A	0.035156011141817	0.034518665501709	0.0418475699624197	0.0507265198376208	0.0335214310508004	0.0381188607976515	0.0390663292679836
YPL135C-A_YCR024C-A	0.0430109881590701	0.0348809285574457	0.0469512714341492	0.0638602532368854	0.0284581400200278	0	0.0346394593096805
YKL106C-A_YNL097W-A	0	0.0459856864971887	0.0472912925727863	0.0505320231099899	0	0	0
YEL032C-A_YOR302W	0	0.0740643383569317	0.0825897493704301	0.100224894672342	0	0	0
YGR068W-A_YDR524C-B	0	0.0376586915017948	0.0457997149250911	0.0556240050936245	0.019572478124434	0	0
YGR068W-A_YPL135C-A	0	0.0435050632120015	0.0569802115654988	0.0597880029146999	0.0263541253307456	0.0247932599300373	0.0210570908525263
YDL232W_YEL008C-A	0	0.131071634929526	0.124110085693537	0.107690750186512	0	0	0
YDL232W_YJR151W-A	0	0.212581214950463	0.201639699458059	0.178996276830449	0.235893735609834	0	0
YDL232W_snR55	0	0.0629093141305242	0.0658744246519807	0.0712384051100184	0.0604045416674476	0	0
YDL232W_snR39	0	0.140071609102842	0.132576915543858	0.138209287300002	0.201085369270482	0.200156495081639	0.210271642963166
snR18_YEL032C-A	0	0.110322963575669	0.115073226097754	0.127006787338682	0.143099340193917	0	0
YEL008C-A_YDL232W	0	0.13628101831259	0.126756336712567	0.114955050484466	0	0	0
snR64_YBR141W-A	0	0.0774426086466502	0.0599287624648876	0.0641403251521559	0	0.0358340433530021	0.0375171610828572
YMR272W-A_YDL184C	0	0.0641479204349704	0.0688193270316819	0.078192547028232	0	0	0
YJR151W-A_YOR161W-A	0	0.0694858825706252	0.0733284682183385	0.0638603097201878	0	0	0
YJR151W-A_YDL232W	0	0.215198884858934	0.201648177130128	0.182204277870671	0.237153575899765	0	0
YJR151W-A_YPR160W-A	0	0.109420012223259	0.0949758484891114	0.0875587154761655	0.0780640396032058	0.135527667522022	0.101547827936972
YJR151W-A_YNL144W-A	0	0.0556481059256491	0.067723583608246	0.0550612025466258	0	0	0
YBR141W-A_YKL106C-A	0	0.058307605539229	0.0652732272512116	0.0605037104149616	0.0845453913000988	0.0832559969665204	0.0790783423981958
YBR141W-A_snR64	0	0.0791448984376331	0.0605772521157808	0.0635542331607353	0	0	0
snR39_YEL032C-A	0	0.0982749612195409	0.104274759603146	0.138645880306065	0	0.137262608571307	0
snR39_YBL071C-B	0	0.0496277333233864	0.060684027157488	0.0601358245393572	0	0	0
snR39_YDL232W	0	0.150597434331763	0.139291867679617	0.15345308464936	0.210629688473001	0.201356007988435	0.217614469654282
snR39_tR(CCG)L	0	0.0667538194089052	0.0759275951725155	0.0884634218341267	0	0.0566205423209238	0
snR39_YHL015W-A	0	0.0932791434626993	0.118371124797398	0.161548286540308	0	0	0
YHL015W-A_snR39	0	0.089060566755305	0.120017042127425	0.164889820223327	0.0551540706896653	0	0
YCR024C-A_YNL097W-A	0	0.0415383213371505	0.0439703760986525	0.0588705742616109	0.0274330000243515	0.0352010145729532	0.0383681570633314
YCR024C-A_YPL135C-A	0	0.033749001988261	0.0461828725323853	0.0637687844079242	0.0285881051367109	0.0307917938794547	0.0347617534558038
snR79_YDL247W-A	0	0.0649972784261361	0.0683003101997123	0.0540215608768933	0	0	0
snR79_YDR371C-A	0	0.0503176278888033	0.0513300076735587	0.0551809578351603	0.0359263481087957	0	0
snR79_snR39B	0	0.0902048932730771	0.0977814438284611	0.108968812988753	0.159744331064272	0.0913431129176414	0.0501795785695324
YGR068W-A_YCR024C-A	0	0	0.0544080418494505	0.0729789678709506	0	0	0.0212103237453867
YDL232W_YOR161W-A	0	0	0.063879937016906	0.0549219646620521	0	0	0
tV(AAC)O_YJL136W-A	0	0	0.0500416365643097	0.0676085374606375	0.0692165980643546	0.0405949040077884	0.0168076827177886
tV(AAC)O_YDR276C	0	0	0.0613927023970491	0.0597121430568879	0	0	0
tV(AAC)O_YMR272W-A	0	0	0.126322771966644	0.14615645721969	0.137841491366701	0	0
tV(AAC)O_YJL052C-A	0	0	0.0542263863723912	0.0537497488559835	0.047752954181735	0	0
YPL189C-A_YCR024C-A	0	0	0.050357287071374	0.0746796535984248	0	0	0.0319057313428904
YJR151W-A_snR64	0	0	0.0811810403117962	0.0738232070674672	0	0	0
YCR024C-A_YDR524C-B	0	0	0.0320144194668634	0.0557305738037573	0	0	0.0224504981036216
YEL032C-A_YJL136W-A	0	0	0	0.0588616661281179	0	0	0
YGR068W-A_YNL097W-A	0	0	0	0.0507418787277444	0.0227950926496748	0.0269442255879248	0.0230921242678554
YDL232W_snR67	0	0	0	0.079757428809371	0.107934426134439	0	0
YDL232W_YKL100W-A	0	0	0	0.0896287783169122	0.0829333554736753	0	0
snR18_YOR302W	0	0	0	0.0721583147479671	0	0	0
YEL008C-A_YKL100W-A	0	0	0	0.0509312990496281	0	0	0
tV(AAC)O_YOR302W	0	0	0	0.0940845009296759	0	0	0
YJR151W-A_YKL100W-A	0	0	0	0.0878730978441139	0	0.167080265689639	0.155061898832563
YBR141W-A_YEL008C-A	0	0	0	0.0804702287666635	0	0.051020245877039	0.0667158150619699
snR39_snR67	0	0	0	0.0658174071227892	0	0	0
snR39_YJR151W-A	0	0	0	0.138114029100277	0	0	0
YCR024C-A_YKL156C-A	0	0	0	0.0608484329071559	0.0400618500403056	0	0.0280408034785527
