	weight_1	weight_2	weight_3	weight_4	weight_5	weight_6	weight_7
YEL032C-A_snR18	0.122393887507261	0.113510757457128	0.117711618815241	0.130829906588649	0.147638868453357	0.133704279413843	0
YEL032C-A_tV(AAC)O	0.152636017702119	0.140660610993996	0.154576711280539	0.177720500378381	0.179832917820586	0	0
YEL032C-A_YMR272W-A	0.103543177363726	0.0948086288705255	0.111975251670116	0.128841363645958	0.121009314097754	0	0.0796662266079309
snR77_YMR272W-A	0.0727144412407822	0.143634841731266	0.138380039397598	0.132072205874703	0.13932556029793	0.0215549748913048	0
YBL006W-A_YGR068W-A	0.0301112790261046	0.0620732128886129	0.0571169543510775	0.0455622120656099	0	0	0
YML129C_YMR272W-A	0.0582958230960867	0.0846363776732142	0.0828857382725757	0.081377040763694	0.0858830256014344	0	0.0193042646715324
YKL156C-A_snR79	0.164771724461293	0.181074481602116	0.173828695150765	0.167052222180857	0.127933369337276	0.038434004983174	0.0361525584669993
tV(AAC)O_tF(GAA)Q	0.0712990339754932	0.0690557220420426	0.0721791938959196	0.0738718229950322	0.070985702315644	0.0258751405964113	0.0103154890045837
tV(AAC)O_YDL184C	0.0981956032965751	0.0982863741702374	0.103244392200938	0.106824947417581	0.113127859969813	0	0
tV(AAC)O_snR65	0.0580854504551541	0.0613393664322772	0.0578427171962011	0	0.0541724969426505	0.0343183278574237	0.0139761867750664
YDL184C_tV(AAC)O	0.103278820539415	0.103701832588768	0.107790542204464	0.11049475167206	0.116254630057091	0	0
YDL133C-A_snR79	0.105665700754978	0.136074369046222	0.0996035479046735	0.0618563785975381	0.0444317437833482	0.0166223628619078	0
YMR272W-A_snR77	0.0672348607414998	0.142938482240975	0.137908949351572	0.128498772314865	0.137692646641152	0.0208404312155312	0
YMR272W-A_tV(AAC)O	0.0911009572113448	0.102478395550307	0.12680046550014	0.149926151864793	0.141093729872058	0	0
snR67_snR79	0.142046096788779	0.153481161110071	0.113738808557069	0	0	0	0
YPL189C-A_YGR068W-A	0.0282740981835875	0.0626903907458543	0.0691962807430805	0.0739153572252856	0	0	0
YBR141W-A_snR79	0.227505042119538	0.147562310542049	0.109121217134556	0	0	0	0.0719617855058171
YER053C-A_snR77	0.0758389584888497	0.104451561884895	0.100100556749144	0.0937263597377864	0	0	0
YER053C-A_YMR272W-A	0.0964531600192596	0.10109281158041	0.0859621344081525	0.088963601470544	0.0801913424002499	0.0418404995305578	0.0730417687888338
snR39_snR18	0.180879785450929	0.115364741371401	0.119495715530745	0.146133059089427	0.172256436771327	0.206356522206158	0.185452329073319
snR79_YGR068W-A	0.0942919535533755	0.121604160959747	0.10318013613426	0	0	0	0
YEL032C-A_YDL184C	0	0.0613629871842468	0	0	0	0	0
YDL232W_YJR151W-A	0	0.212581214950463	0.201639699458059	0.178996276830449	0.235893735609834	0	0
YCR038W-A_snR18	0	0.0684207902745125	0.0689734531736778	0	0.0370065714902477	0.0679657126545665	0.0540286035623355
YML129C_snR77	0	0.0898503944315969	0.102712310450303	0.0875713676215083	0.0776464983161523	0	0
YMR272W-A_YDL184C	0	0.0641479204349704	0.0688193270316819	0.078192547028232	0	0	0
tV(AAC)O_snR79	-0.174470772487582	-0.202607596656096	-0.184475628206162	-0.189532120947329	-0.177898386958048	0	0
snR79_tV(AAC)O	-0.174231379164368	-0.202663672052784	-0.188423747964136	-0.194341476395938	-0.179941399177997	0	0
snR79_YDL184C	-0.12609358827767	-0.0915872534568137	0	0	0	0	0
tV(AAC)O_YJR151W-A	0	-0.120551531572277	-0.136913067526551	0	0	-0.0768441915359022	-0.0742616627235939
YJR151W-A_snR77	0	-0.202523023475656	-0.207562051267135	-0.158089918121619	-0.140441749131388	0	0
YJR151W-A_tV(AAC)O	0	-0.129064779992599	-0.146468930828765	0	-0.121784015471674	0	0
YJR151W-A_YMR272W-A	0	-0.132510632697931	0	0	-0.120928654842826	0	0
tR(CCU)J_snR77	0	-0.0935217807582859	-0.0930065097789152	0	0	0	0
tR(CCU)J_YGR068W-A	0	-0.050417936707499	-0.055492880637524	-0.0480208760854041	0	0	0
snR79_snR18	0	-0.0984890913257783	0	0	0	-0.068128319011434	0
snR79_tF(GAA)Q	0	-0.0794895788089162	-0.0718307920370362	0	0	0	0
snR79_snR65	0	-0.0563124563970519	0	0	0	0	0
