	weight_1	weight_2	weight_3	weight_4	weight_5	weight_6	weight_7
YEL032C-A_snR18	0.122393887507261	0.113510757457128	0.117711618815241	0.130829906588649	0.147638868453357	0.133704279413843	0
YEL032C-A_YMR272W-A	0.103543177363726	0.0948086288705255	0.111975251670116	0.128841363645958	0.121009314097754	0	0.0796662266079309
YEL032C-A_snR39	0.129739214604677	0.103412701169169	0.111725888847584	0.146323351826725	0.137887259251326	0.140803499920914	0
snR77_YMR272W-A	0.0727144412407822	0.143634841731266	0.138380039397598	0.132072205874703	0.13932556029793	0.0215549748913048	0
snR77_YAL037C-A	0.0191110218003804	0	0.0543044454752056	0.0417831639999085	0	0	0
YDL232W_YKL162C-A	0.0264106754256684	0.0502614021238821	0.0505232912361205	0.047691029006902	0.0600252207478676	0	0.0489465010536257
YDL232W_snR64	0.0606839464006097	0.0879628368241726	0.0899176922109426	0.0834976956744696	0	0	0
YDL232W_YEL017C-A	0.0406877844851465	0	0.0532505970859075	0.054908915785853	0	0	0
YDL232W_YBR141W-A	0.133647207124706	0.158745468074862	0.144858813253887	0.153441438658193	0.178673969338591	0.104598318329821	0
snR18_snR39	0.184635135738049	0.118016287863027	0.124896372039276	0.14927955524917	0.172049412103885	0.206599166562072	0.182845728091289
YBL006W-A_YGR068W-A	0.0301112790261046	0.0620732128886129	0.0571169543510775	0.0455622120656099	0	0	0
snR87_YBR141W-A	0.136998116244712	0.0787927569186283	0.0637817354899207	0	0	0.0491616846122481	0.0399075263568262
YML129C_YMR272W-A	0.0582958230960867	0.0846363776732142	0.0828857382725757	0.081377040763694	0.0858830256014344	0	0.0193042646715324
YML129C_YER053C-A	0.0497315903032071	0.0603369959700597	0.0550660952752107	0.063030962990599	0.041530230626784	0	0
tV(AAC)O_YEL032C-A	0.152543631460266	0.143053259800506	0.158187279754768	0.180637724669338	0.18221339451603	0	0
tV(AAC)O_YDL184C	0.0981956032965751	0.0982863741702374	0.103244392200938	0.106824947417581	0.113127859969813	0	0
tV(AAC)O_snR65	0.0580854504551541	0.0613393664322772	0.0578427171962011	0	0.0541724969426505	0.0343183278574237	0.0139761867750664
YMR272W-A_YKL106C-A	0.0668940959708187	0.070674633268789	0.0647297287110545	0.0637363522145271	0	0.0441566589514368	0
YMR272W-A_YEL032C-A	0.10692570977958	0.0982947889323497	0.112680307648656	0.133049522902875	0.124878256131298	0.0528087926578479	0.078478090355195
YMR272W-A_YLR402W	0.0536698278431665	0.0579347282393585	0.0559588499544635	0	0.0703103913134327	0	0
YMR272W-A_YDL061C	0.0521899410976126	0.0629585860308431	0.0698083291936781	0.0750780546329543	0.072636646555855	0.0210730880017204	0
YMR272W-A_YML129C	0.0575200576715147	0.0845608381398087	0.0824239108423909	0.0797580896335722	0.0838228448029583	0.0227361221748467	0
YMR272W-A_YNL097W-A	0.064346815182165	0.0756917542272914	0.0729215093425554	0	0.0689979524835917	0.0397354444263059	0
YMR272W-A_YOR302W	0.0543943665306757	0.068655929409623	0.0761278434009001	0.0789232564139895	0.101815008822043	0.0453981827435955	0
YMR272W-A_YER053C-A	0.0906595960474518	0.0968134056321875	0.0839617883165613	0.0850633025318096	0.076478742476649	0.0416295730002551	0.0724092190765684
YMR272W-A_YLR399W-A	0.0565453010218413	0	0.0506007007264632	0	0.0513358517626821	0.0326796352425679	0
YPL189C-A_YGR068W-A	0.0282740981835875	0.0626903907458543	0.0691962807430805	0.0739153572252856	0	0	0
YPL189C-A_YPL135C-A	0.0360509599256339	0.0406015896917945	0.052895320180102	0.0609844830278546	0.0337269838349396	0.0382605210383902	0.0378669173958613
YOR302W_YEL032C-A	0.0736036599413109	0.0736087447146876	0.0825134607143226	0.0992191133187368	0.084945125527965	0	0
YJR151W-A_snR55	0.0498904595421496	0	0.0593048676859966	0.0722382627794902	0	0	0
YBR141W-A_YDL232W	0.138391754413908	0.167782557321273	0.149220803737988	0.157021632614274	0.184730755324707	0.103965905338205	0.101765762502402
YBR141W-A_snR39B	0.132577706161133	0.0827460398149973	0.0670648220396508	0	0	0	0.0631562639182871
YER053C-A_YMR272W-A	0.0964531600192596	0.10109281158041	0.0859621344081525	0.088963601470544	0.0801913424002499	0.0418404995305578	0.0730417687888338
tR(CCU)J_snR39	0.0841579451832674	0.091843516265273	0.0974678493712302	0.115335757451993	0	0.0740737435343155	0.0537513332154502
snR39_snR18	0.180879785450929	0.115364741371401	0.119495715530745	0.146133059089427	0.172256436771327	0.206356522206158	0.185452329073319
snR39_YCR038W-A	0.0724606405172636	0.0852197400489256	0.0862532641417339	0.0841123331497902	0	0	0
snR39_snR87	0.114000106299134	0.0758394074134836	0.0865730322154882	0.127226886310558	0	0.0832095258318601	0
snR39_YEL008C-A	0.145103336227614	0.0905120959934193	0.0948210370697287	0.0864517809443517	0	0	0
snR39_snR128	0.0766713962985261	0.0729410261761864	0.0704629442925978	0.0566971815162044	0	0	0
snR39_snR40	0.0878165387297872	0	0.0766187500682446	0.0879270298291444	0	0	0
snR39_snR38	0.026257734915843	0.0455767095598464	0.0503010759670934	0.0577359739470038	0	0.0251293129515171	0
snR39_YKR057W	0.0510274311968408	0.0583077081815276	0.0623213930394455	0.0672884110593373	0	0	0
snR39_YBR141W-A	0.190171913258735	0	0.0906445923422226	0.125818981704422	0	0	0
snR39_YBR126W-A	0.0637734416998907	0.0604799312664937	0.0587406537281246	0.0623975582270014	0	0	0
snR39B_YBR141W-A	0.124634156412053	0.0760165776325235	0.0632194263934121	0	0	0	0.0625350358456921
snR79_YGR068W-A	0.0942919535533755	0.121604160959747	0.10318013613426	0	0	0	0
snR79_YDL232W	0.133760110897819	0	0.124883535722173	0.139416841741612	0	0	0
snR79_snR66	0.116881346926491	0.127121439467093	0.086495561659794	0.0385766841502353	0	0	0
snR79_YKL156C-A	0.170265216364629	0.182288235971391	0.181163318540323	0.171894068920776	0.129479030477439	0	0
snR79_YNL103W-A	0.0419692063937213	0.0602248947162352	0.0719744486078011	0.0654735514139149	0.0557133406838987	0	0
snR79_snR74	0.0865477697307854	0.0981441008323038	0.0725992745288737	0.0490160918777016	0	0	0
snR79_YDL133C-A	0.113737305877343	0.141559268464438	0.103413599880347	0.0623462811176563	0.0453483280044163	0	0
snR79_snR67	0.148025025395861	0.156988560288398	0.113579065711468	0	0	0	0
snR79_YMR182W-A	0.0708009121555635	0.112015607400138	0.130039151623534	0.102547791387185	0	0	0
snR79_YGL014C-A	0.0434576300373301	0.0512039362767291	0.0546530830206523	0.0531135374053723	0	0	0
snR79_YLR163W-A	0.0642551143580692	0.0722951495218938	0.0740563186698067	0.0673724790155998	0.055500221162954	0	0
snR79_YKL100W-A	0.119215732690753	0.114917774997654	0.0907371720468036	0	0	0	0
snR79_YJL077W-A	0.0657199708964791	0	0.0613964380114836	0.0818969615405602	0.0720304491363555	0.0311708360264204	0.0338238544858434
snR79_YLR299C-A	0.0871669272219442	0.109599370442404	0.115919153348345	0.09727744192215	0	0	0
YKL106C-A_YBR141W-A	0	0.0571541504411578	0.0647407819475775	0.0590352664135245	0.0826375846737848	0.0853362819317667	0.0815698836269991
YEL032C-A_YDR276C	0	0.045469523111933	0.0504588272808156	0	0	0	0
YEL032C-A_YOR302W	0	0.0740643383569317	0.0825897493704301	0.100224894672342	0	0	0
YEL032C-A_YLR399W-A	0	0.0653487036438651	0.0608071382009355	0	0	0	0
YGR068W-A_YDR354C-A	0	0.0416188193386706	0.0532073914161422	0.0428040480132483	0	0	0.0114307366722371
YGR068W-A_YBL006W-A	0	0.0606248032016269	0.0538643517733514	0.043243544033842	0	0	0.0100917021454607
YGR068W-A_YPL189C-A	0	0.0618618323931276	0.0687236857751437	0.074278710546367	0.0271167121684902	0.0261989924707803	0.0191521609376826
YGR068W-A_YPL135C-A	0	0.0435050632120015	0.0569802115654988	0.0597880029146999	0.0263541253307456	0.0247932599300373	0.0210570908525263
YDL232W_YEL008C-A	0	0.131071634929526	0.124110085693537	0.107690750186512	0	0	0
YDL232W_snR55	0	0.0629093141305242	0.0658744246519807	0.0712384051100184	0.0604045416674476	0	0
YDL232W_snR39	0	0.140071609102842	0.132576915543858	0.138209287300002	0.201085369270482	0.200156495081639	0.210271642963166
YDL232W_snR39B	0	0.0957291288436946	0.0965100780453389	0	0	0	0
snR18_YEL032C-A	0	0.110322963575669	0.115073226097754	0.127006787338682	0.143099340193917	0	0
snR18_YCR038W-A	0	0.070815949196577	0.0698871581995622	0	0	0	0
snR18_snR128	0	0.0661126162066134	0.0603963142073811	0.0449931013201694	0	0	0
snR18_snR40	0	0.0530725692505399	0.0661252495509532	0	0	0	0
snR18_tR(CCG)L	0	0.0535119206837734	0.0584088854721685	0	0.0444785780736506	0.0612569420833314	0
snR18_YKR057W	0	0.0506502117151066	0.0522569452234525	0	0	0	0
snR18_YHL015W-A	0	0.0712482219795633	0.0922004280186183	0	0.0539613785568676	0	0
YCR038W-A_snR18	0	0.0684207902745125	0.0689734531736778	0	0.0370065714902477	0.0679657126545665	0.0540286035623355
YCR038W-A_YHL015W-A	0	0.051999641873177	0.0661916339911713	0	0.0175059917774124	0	0
YBL006W-A_YPL189C-A	0	0.055163559285493	0.0524710590356331	0.0470108827992841	0	0	0
snR87_YEL008C-A	0	0.064306908190101	0.0591906177430283	0	0	0	0
YEL008C-A_YDL232W	0	0.13628101831259	0.126756336712567	0.114955050484466	0	0	0
snR40_snR18	0	0.0511377522136814	0.0629662183256472	0	0.0354519195788949	0	0
YMR272W-A_YDL184C	0	0.0641479204349704	0.0688193270316819	0.078192547028232	0	0	0
tR(CCG)L_YHL015W-A	0	0.0400760840619358	0.0619256713695114	0	0	0	0
YJR151W-A_YOR161W-A	0	0.0694858825706252	0.0733284682183385	0.0638603097201878	0	0	0
YJR151W-A_YDL232W	0	0.215198884858934	0.201648177130128	0.182204277870671	0.237153575899765	0	0
YJR151W-A_YPR160W-A	0	0.109420012223259	0.0949758484891114	0.0875587154761655	0.0780640396032058	0.135527667522022	0.101547827936972
YJR151W-A_YNL144W-A	0	0.0556481059256491	0.067723583608246	0.0550612025466258	0	0	0
YBR141W-A_YKL106C-A	0	0.058307605539229	0.0652732272512116	0.0605037104149616	0.0845453913000988	0.0832559969665204	0.0790783423981958
YBR141W-A_snR64	0	0.0791448984376331	0.0605772521157808	0.0635542331607353	0	0	0
YER053C-A_YML129C	0	0.0631633008768881	0.0565388533383789	0.0649390135408775	0.0428460806551371	0	0
tR(CCU)J_YEL008C-A	0	0.0661752943690194	0.065461634147234	0	0	0	0
tR(CCU)J_tR(CCG)L	0	0.0480706159943524	0.0531686139859592	0	0	0.0221399420141539	0.0158800979683276
snR39_YEL032C-A	0	0.0982749612195409	0.104274759603146	0.138645880306065	0	0.137262608571307	0
snR39_YBL071C-B	0	0.0496277333233864	0.060684027157488	0.0601358245393572	0	0	0
snR39_YDL232W	0	0.150597434331763	0.139291867679617	0.15345308464936	0.210629688473001	0.201356007988435	0.217614469654282
snR39_snR58	0	0.0428207378872399	0.0505751880894293	0.0494920039108007	0	0	0
snR39_tR(CCG)L	0	0.0667538194089052	0.0759275951725155	0.0884634218341267	0	0.0566205423209238	0
snR39_YHL015W-A	0	0.0932791434626993	0.118371124797398	0.161548286540308	0	0	0
YHL015W-A_snR39	0	0.089060566755305	0.120017042127425	0.164889820223327	0.0551540706896653	0	0
snR79_YBL006W-A	0	0.111155754384497	0.0946864591169961	0	0	0	0
snR79_snR76	0	0.128086385707431	0.119986575084654	0.104958478601758	0.0993158355503312	0	0
snR79_YLR149C-A	0	0.065475410459825	0.0633854594855078	0	0.0497004498737557	0.0153020405352445	0
snR79_YDL247W-A	0	0.0649972784261361	0.0683003101997123	0.0540215608768933	0	0	0
snR79_YPL189C-A	0	0.101296635805649	0.0986669205500641	0	0.0768808067857443	0.0746010767198319	0.057246025689213
snR79_YNL130C-A	0	0.0579428317511213	0.0628181057369039	0	0	0	0
snR79_YDR371C-A	0	0.0503176278888033	0.0513300076735587	0.0551809578351603	0.0359263481087957	0	0
snR79_snR39B	0	0.0902048932730771	0.0977814438284611	0.108968812988753	0.159744331064272	0.0913431129176414	0.0501795785695324
YPL135C-A_YGR068W-A	0	0.0429430187010992	0.056613691164755	0.0598522186706799	0.0257067022625489	0.0244812143449717	0
YPL135C-A_YPL189C-A	0	0.0399930796071629	0.0522381725286752	0.0613118627666719	0.033600312664486	0.0382472632089326	0.0378311942360382
snR77_YGR068W-A	0	0	0.0814118047024398	0	0	0	0
YGR068W-A_snR76	0	0	0.0516694950791561	0.0586807767755187	0	0	0
YGR068W-A_YDL133C-A	0	0	0.0506021018983893	0.0233116029589139	0.0114090101791886	0	0.00597710525467527
YGR068W-A_YCR024C-A	0	0	0.0544080418494505	0.0729789678709506	0	0	0.0212103237453867
YDL232W_YOR161W-A	0	0	0.063879937016906	0.0549219646620521	0	0	0
YDL232W_YNL144W-A	0	0	0.0598511172133534	0.048859625641279	0.0973808947226836	0.050701678371795	0.0546065745864236
snR76_YPL189C-A	0	0	0.0506593797516829	0.0616660330846368	0	0.0340809431086293	0
YEL008C-A_snR64	0	0	0.0504665547529132	0.0461129875291227	0.0483009438005816	0	0
tV(AAC)O_YJL136W-A	0	0	0.0500416365643097	0.0676085374606375	0.0692165980643546	0.0405949040077884	0.0168076827177886
tV(AAC)O_YDR276C	0	0	0.0613927023970491	0.0597121430568879	0	0	0
tV(AAC)O_YMR272W-A	0	0	0.126322771966644	0.14615645721969	0.137841491366701	0	0
tV(AAC)O_YJL052C-A	0	0	0.0542263863723912	0.0537497488559835	0.047752954181735	0	0
YPL189C-A_YCR024C-A	0	0	0.050357287071374	0.0746796535984248	0	0	0.0319057313428904
YJR151W-A_snR64	0	0	0.0811810403117962	0.0738232070674672	0	0	0
tR(CCU)J_YHL015W-A	0	0	0.074753419162608	0	0	0	0
snR39_snR69	0	0	0.0500026428989868	0.0425439096512875	0.0750620858564518	0.0813895569614457	0
snR39_snR64	0	0	0.0536157924458589	0	0	0	0
YHL015W-A_snR18	0	0	0.0881329397730834	0	0.0535244448115264	0	0
YHL015W-A_YCR038W-A	0	0	0.0646284581692222	0	0.0171472773764677	0	0
YHL015W-A_tR(CCG)L	0	0	0.0609778699460896	0	0.0131620378759514	0	0
