	weight_1	weight_2	weight_3	weight_4	weight_5	weight_6	weight_7
snR18_snR39	0.184635135738049	0.118016287863027	0.124896372039276	0.14927955524917	0.172049412103885	0.206599166562072	0.182845728091289
snR128_YOR302W	0.0343577677540254	0	0	0.0331260901394541	0.0336423119094064	0.0411058349311362	0.0701275762770194
tV(AAC)O_snR39	0.16580514563389	0	0	0	0	0.121397089147496	0.0655436484128725
snR39_snR18	0.180879785450929	0.115364741371401	0.119495715530745	0.146133059089427	0.172256436771327	0.206356522206158	0.185452329073319
YDL232W_snR39	0	0.140071609102842	0.132576915543858	0.138209287300002	0.201085369270482	0.200156495081639	0.210271642963166
YLR402W_YOR302W	0	0.0346088921099838	0.0354275048378714	0	0.0489449818000944	0.0597665270787718	0.0902347211850379
tP(UGG)Q_tE(UUC)Q	0	0	5.50484615565906e-16	0	0	0.0494212765331312	0.0521857982148613
tE(UUC)Q_tP(UGG)Q	0	0	0	6.35749048891188e-17	0	0.0494212765331314	0.0521857982148603
YDL232W_snR18	0	0	0	0	0.170980172649272	0.197701933450775	0.257393808084089
snR79_YOR302W	0	0	0	0	0	0.0866600605487457	0.108379812529243
YOR161W-A_YOR302W	0	0	0	0	0	0	0.0719372842838041
YOR302W_tP(UGG)Q	0	0	0	0	0	0	0.0664028329283096
YOR302W_tE(UUC)Q	0	0	0	0	0	0	0.0664028329283098
tE(UUC)Q_snR39	-0.0749290520557389	-0.0141277178430625	-0.00356825512677369	0	-0.0385798440400668	-0.0820201200867468	-0.0719644221635525
snR39_tE(UUC)Q	-0.0794409804958683	0	0	0	0	-0.0830759432863672	-0.0736016714588967
tE(UUC)Q_snR18	0	-0.0126946748375927	-0.00324121134014555	0	-0.0370113306621434	-0.0930362804439689	-0.0979011106174896
tP(UGG)Q_snR18	0	0	0	0	-0.037011330662143	-0.0930362804439697	-0.0979011106174895
tP(UGG)Q_snR39	0	0	0	0	-0.0385798440400665	-0.0820201200867468	-0.0719644221635523
snR18_tP(UGG)Q	0	0	0	0	0	-0.093467852926542	-0.0982484555656889
snR18_tE(UUC)Q	0	0	0	0	0	-0.093467852926542	-0.098248455565689
snR39_tP(UGG)Q	0	0	0	0	0	-0.0830759432863672	-0.0736016714588972
YDL232W_tP(UGG)Q	0	0	0	0	0	0	-0.101458606583316
YDL232W_tE(UUC)Q	0	0	0	0	0	0	-0.101458606583317
YJR151W-A_YOR302W	0	0	0	0	0	0	-0.151917771541196
