	weight_1	weight_2	weight_3	weight_4	weight_5	weight_6	weight_7
YEL032C-A_tV(AAC)O	0.152636017702119	0.140660610993996	0.154576711280539	0.177720500378381	0.179832917820586	0	0
snR77_YML129C	0.0457613336028126	0	0	0.0893109182502088	0	0	0
YDL232W_snR79	0.131172630416963	0	0.12899165827117	0.144828480415262	0	0	0
YNL097W-A_YML129C	0.0364696691443217	0.0436211982994484	0.0454839389743367	0.0512175301803213	0.037495031131036	0	0
YKL156C-A_YGR068W-A	0.0634579028322717	0	0	0.0686341494925685	0	0.0202562162683249	0.0227848168452454
YKL156C-A_snR79	0.164771724461293	0.181074481602116	0.173828695150765	0.167052222180857	0.127933369337276	0.038434004983174	0.0361525584669993
YDL184C_tV(AAC)O	0.103278820539415	0.103701832588768	0.107790542204464	0.11049475167206	0.116254630057091	0	0
YMR272W-A_snR77	0.0672348607414998	0.142938482240975	0.137908949351572	0.128498772314865	0.137692646641152	0.0208404312155312	0
YMR272W-A_YML129C	0.0575200576715147	0.0845608381398087	0.0824239108423909	0.0797580896335722	0.0838228448029583	0.0227361221748467	0
YMR272W-A_tV(AAC)O	0.0911009572113448	0.102478395550307	0.12680046550014	0.149926151864793	0.141093729872058	0	0
YPL189C-A_YGR068W-A	0.0282740981835875	0.0626903907458543	0.0691962807430805	0.0739153572252856	0	0	0
YPL189C-A_snR76	0.0376138239562302	0	0	0.0608034024114997	0	0.0337528294725808	0
YJR151W-A_snR79	0.133186143768076	0	0	0.126508112094576	0	0	0
YER053C-A_snR77	0.0758389584888497	0.104451561884895	0.100100556749144	0.0937263597377864	0	0	0
snR39_tR(CCU)J	0.088896439238247	0.0955101768312783	0.0972956981212176	0.115023582828242	0	0.0747691064899096	0
snR79_YJL077W-A	0.0657199708964791	0	0.0613964380114836	0.0818969615405602	0.0720304491363555	0.0311708360264204	0.0338238544858434
YGR068W-A_YPL189C-A	0	0.0618618323931276	0.0687236857751437	0.074278710546367	0.0271167121684902	0.0261989924707803	0.0191521609376826
YER053C-A_YML129C	0	0.0631633008768881	0.0565388533383789	0.0649390135408775	0.0428460806551371	0	0
snR39B_snR79	0	0.0862169176856823	0.0978136215160315	0.103115690505646	0.159208523324648	0.0919391979265665	0.0533273369382538
YCR024C-A_YML007C-A	0	0.0188162965190132	0.0238282983420351	0.0505595114556443	0	0	0.019361850527112
YCR024C-A_YGR068W-A	0	0.0381467836266133	0.0533449243721966	0.0731618417565611	0	0.0215213763041868	0.0210297300156681
YCR024C-A_YPL189C-A	0	0.0373163138110508	0.048907328345283	0.0751952096703639	0	0	0.0318159282150257
snR79_snR76	0	0.128086385707431	0.119986575084654	0.104958478601758	0.0993158355503312	0	0
YPL135C-A_YGR068W-A	0	0.0429430187010992	0.056613691164755	0.0598522186706799	0.0257067022625489	0.0244812143449717	0
YGR068W-A_YML007C-A	0	0	0.034089631874297	0.0504177661123319	0	0	0
snR76_YPL189C-A	0	0	0.0506593797516829	0.0616660330846368	0	0.0340809431086293	0
YDL184C_snR77	0	0	0.0836020545719248	0.0919133248295966	0	0	0
YPL189C-A_YML007C-A	0	0	0.0304780208370571	0.0520419442529349	0	0	0.0213716198808987
YKL156C-A_snR76	0	0	0	0.0785451137390969	0	0	0
YKL156C-A_YPL189C-A	0	0	0	0.0710529727651854	0	0.0278953301979353	0
tV(AAC)O_snR77	0	0	0	0.148988591983637	0.182513816816918	0	0
tV(AAC)O_snR76	-0.0844201752243906	0	0	-0.089796113506167	-0.0884844331894992	0	0
tV(AAC)O_snR79	-0.174470772487582	-0.202607596656096	-0.184475628206162	-0.189532120947329	-0.177898386958048	0	0
snR79_tV(AAC)O	-0.174231379164368	-0.202663672052784	-0.188423747964136	-0.194341476395938	-0.179941399177997	0	0
YPL189C-A_tR(CCU)J	0	-0.0466975048098422	-0.04832581010732	-0.0519974112009171	0	0	0
YJR151W-A_snR77	0	-0.202523023475656	-0.207562051267135	-0.158089918121619	-0.140441749131388	0	0
tV(AAC)O_YJL077W-A	0	0	0	-0.0683771786830916	-0.0668791074453013	0	0
YJR151W-A_YML129C	0	0	0	-0.091116572512799	0	0	0
snR39_YML007C-A	0	0	0	-0.0675869214519738	0	0	0
snR39_YGR068W-A	0	0	0	-0.0676261838508034	0	0	0
snR39_snR76	0	0	0	-0.0727047293957237	0	0	0
snR39_YPL189C-A	0	0	0	-0.0723557066035582	0	0	0
