	weight_1	weight_2	weight_3	weight_4	weight_5	weight_6	weight_7
YKL106C-A_YEL032C-A	0.0902273032887603	0.0728623261096323	0.0626290795134014	0.0613030536532205	0.0870850317581164	0.0850711105815829	0.0754543295269067
YKL106C-A_YDL232W	0.0522729374352083	0.0500007068665047	0.0568109671544698	0.0519143460291784	0.121756595792356	0.118780095518413	0.149155807053006
YKL106C-A_snR18	0.0813876563381492	0.0504930101947625	0.0423164828764613	0	0.0913896484867709	0.117054572797856	0
YKL106C-A_snR39	0.0974266903730594	0.0505784147606322	0.0437989534163618	0	0.0977010504204191	0.11364419043167	0
YEL032C-A_YKL106C-A	0.0887114432772751	0.0705656293664367	0	0	0.0872404485390899	0.0870404463675029	0.0787173328466108
YEL032C-A_snR18	0.122393887507261	0.113510757457128	0.117711618815241	0.130829906588649	0.147638868453357	0.133704279413843	0
YEL032C-A_snR39	0.129739214604677	0.103412701169169	0.111725888847584	0.146323351826725	0.137887259251326	0.140803499920914	0
YDL232W_YKL106C-A	0.0522570169818648	0	0	0	0.124148745768044	0.118292064384971	0.148835809648962
YDL232W_YBR141W-A	0.133647207124706	0.158745468074862	0.144858813253887	0.153441438658193	0.178673969338591	0.104598318329821	0
YDL232W_YHL015W-A	0.0507777536102989	0	0	0	0	0.0734221427812132	0
snR18_snR39	0.184635135738049	0.118016287863027	0.124896372039276	0.14927955524917	0.172049412103885	0.206599166562072	0.182845728091289
YEL008C-A_snR39B	0.0777703558769301	0	0	0	0.105127676997028	0.0607436855172995	0.0410993425112141
YNL097W-A_YOR302W	0.0348078891768356	0.0427873199232383	0.0436122310168391	0	0.0506383385215392	0.0509445103146713	0.065686397090386
tV(AAC)O_snR18	0.149680905388247	0	0	0	0.132298407970266	0.133663515541965	0.0827736055017227
tV(AAC)O_snR39	0.16580514563389	0	0	0	0	0.121397089147496	0.0655436484128725
snR67_YJR151W-A	0.104588263983225	0	0	0.0688876270667627	0	0.497536697403133	0.422524863086001
YJR151W-A_snR67	0.0912099885128904	0	0	0.072738660506346	0	0.491125597814043	0.418602966627581
YJR151W-A_YLR163W-A	0.0360303231087803	0	0	0	0	0.150024978777998	0.14796567242431
snR39_YKL106C-A	0.0949716232851354	0	0	0	0.0991870233775721	0.113111913294585	0
snR39_snR18	0.180879785450929	0.115364741371401	0.119495715530745	0.146133059089427	0.172256436771327	0.206356522206158	0.185452329073319
snR39_snR87	0.114000106299134	0.0758394074134836	0.0865730322154882	0.127226886310558	0	0.0832095258318601	0
snR39_tR(CCU)J	0.088896439238247	0.0955101768312783	0.0972956981212176	0.115023582828242	0	0.0747691064899096	0
snR39_YNL144W-A	0.0218161135316831	0.0436297558711564	0.0414228548929268	0	0	0.0532430321080266	0
snR79_YOR161W-A	0.0985403543863548	0.0635029857910132	0	0	0	0.0642680741640154	0.0539556928187308
YKL106C-A_YBR141W-A	0	0.0571541504411578	0.0647407819475775	0.0590352664135245	0.0826375846737848	0.0853362819317667	0.0815698836269991
YDL232W_snR87	0	0.102190293367814	0	0	0.0905859307488944	0.087906925031628	0.0744374054354003
YDL232W_snR39	0	0.140071609102842	0.132576915543858	0.138209287300002	0.201085369270482	0.200156495081639	0.210271642963166
snR18_snR69	0	0.0504873735667527	0.0430854383880282	0	0.0728889507894696	0.0811478715650294	0
snR18_tR(CCG)L	0	0.0535119206837734	0.0584088854721685	0	0.0444785780736506	0.0612569420833314	0
snR18_tR(CCU)J	0	0.065037488878062	0	0	0	0.0800593154939295	0.0681246444167236
YLR402W_YOR302W	0	0.0346088921099838	0.0354275048378714	0	0.0489449818000944	0.0597665270787718	0.0902347211850379
YPL189C-A_snR79	0	0.0967393640599993	0.0882244505932201	0.0762656074177702	0.0730025047636693	0.072980132392616	0.0563236680450182
YOR302W_YLR402W	0	0.0332945398629484	0	0	0.0452527828409737	0.0575609766723421	0.0896657244288589
YJR151W-A_YPR160W-A	0	0.109420012223259	0.0949758484891114	0.0875587154761655	0.0780640396032058	0.135527667522022	0.101547827936972
YBR141W-A_YKL106C-A	0	0.058307605539229	0.0652732272512116	0.0605037104149616	0.0845453913000988	0.0832559969665204	0.0790783423981958
YKL100W-A_YJR151W-A	0	0.0588368680036206	0	0.0879634882772013	0	0.173393361455509	0.151757872591156
snR39_YEL032C-A	0	0.0982749612195409	0.104274759603146	0.138645880306065	0	0.137262608571307	0
snR39_YDL232W	0	0.150597434331763	0.139291867679617	0.15345308464936	0.210629688473001	0.201356007988435	0.217614469654282
snR39_tR(CCG)L	0	0.0667538194089052	0.0759275951725155	0.0884634218341267	0	0.0566205423209238	0
YHL015W-A_YJR151W-A	0	0.0894114393127938	0	0	0	0.182187575342832	0.151996616803366
snR39B_snR79	0	0.0862169176856823	0.0978136215160315	0.103115690505646	0.159208523324648	0.0919391979265665	0.0533273369382538
snR79_YPL189C-A	0	0.101296635805649	0.0986669205500641	0	0.0768808067857443	0.0746010767198319	0.057246025689213
snR79_YMR251W-A	0	0.0522759588524077	0.0423041997329565	0	0	0.0538421950265792	0
snR79_snR39B	0	0.0902048932730771	0.0977814438284611	0.108968812988753	0.159744331064272	0.0913431129176414	0.0501795785695324
YDL232W_YNL144W-A	0	0	0.0598511172133534	0.048859625641279	0.0973808947226836	0.050701678371795	0.0546065745864236
snR39_snR69	0	0	0.0500026428989868	0.0425439096512875	0.0750620858564518	0.0813895569614457	0
YEL032C-A_snR69	0	0	0	0.040750328390129	0	0.0582548628324826	0
YLR402W_YPL189C-A	0	0	0	0.0367680196148793	0.0411700545052331	0.0503831901098523	0.0484938660829415
YPL152W-A_YPL189C-A	0	0	0	0.0371765784102928	0.0568595613189335	0.0521894221036748	0.040182749499022
YPL152W-A_snR79	0	0	0	0.0555088260760814	0.113482889328823	0.0725485822012035	0.0477933354735047
YPL189C-A_YLR402W	0	0	0	0.0399088074232849	0.0423935062458651	0.0504968960399943	0.0494359532060336
YPL189C-A_YPL152W-A	0	0	0	0.0410382792110269	0.0554647844858458	0.0513877120209374	0.0406456212059537
YJR151W-A_snR66	0	0	0	0.0342058875247243	0	0.163677334594604	0.153976605403993
YJR151W-A_YOR335W-A	0	0	0	0.0296896309437657	0.024133244920785	0.105058481233118	0.0941328833319152
YJR151W-A_YKL100W-A	0	0	0	0.0878730978441139	0	0.167080265689639	0.155061898832563
YBR141W-A_YEL008C-A	0	0	0	0.0804702287666635	0	0.051020245877039	0.0667158150619699
YKL106C-A_snR87	0	0	0	0	0.0460373828356649	0.0527740432059496	0.0422213996902567
YEL032C-A_YHL015W-A	0	0	0	0	0.058137095283808	0.062971864019301	0
YDL232W_snR18	0	0	0	0	0.170980172649272	0.197701933450775	0.257393808084089
YDL232W_snR69	0	0	0	0	0.0839455947339679	0.0818217533486746	0.0938109761384995
YDL232W_YMR182W-A	0	0	0	0	0.153734969746836	0.0643317885934521	0.0724137350123818
YDL232W_tR(CCU)J	0	0	0	0	0.0891372547044734	0.0705893279760354	0.072014847051999
snR18_YKL106C-A	0	0	0	0	0.0918256969227888	0.116800902429777	0
snR18_YDL232W	0	0	0	0	0.175152757257781	0.198742442901678	0.262718758182356
snR18_YHR073W-A	0	0	0	0	0.0504208591423452	0.0639246599084177	0.0634851297819064
snR18_snR59	0	0	0	0	0.0376868301747198	0.0655033166741889	0
YLR402W_snR39B	0	0	0	0	0.0550174348207406	0.0617073186634608	0
YNL097W-A_YBR141W-A	0	0	0	0	0.0352194436835965	0.0559658199717338	0.0630860563398247
snR79_YEL008C-A	0	0	0	0	0.122978956176322	0.0654244351612022	0.0505939986759686
snR79_YPL152W-A	0	0	0	0	0.113253541374104	0.0726320599099507	0
YEL032C-A_YDL232W	0	0	0	0	0	0.154552924937784	0.159796238943051
YEL032C-A_snR87	0	0	0	0	0	0.0654197766036124	0.0426754590150261
YEL032C-A_YBR141W-A	0	0	0	0	0	0.0804649011291895	0
YDL232W_YEL032C-A	0	0	0	0	0	0.150574396847096	0.15221782168409
YDL232W_YHR073W-A	0	0	0	0	0	0.0585868150681627	0.0723259657851096
YDL232W_tR(CCG)L	0	0	0	0	0	0.0530169632503817	0
YDL232W_snR59	0	0	0	0	0	0.0682258548877026	0.128466863790974
snR18_YJL136W-A	0	0	0	0	0	0.0604191608676686	0
snR18_YMR182W-A	0	0	0	0	0	0.0716194410405774	0
snR18_snR65	0	0	0	0	0	0.0530865541533385	0
snR18_YNL144W-A	0	0	0	0	0	0.0564951257283173	0
YLR402W_snR79	0	0	0	0	0	0.0756236490363371	0.0722035786863703
snR87_YEL032C-A	0	0	0	0	0	0.0639929585590412	0.0424180485206842
tV(AAC)O_YDL232W	0	0	0	0	0	0.112266749340949	0.0891622617819837
YMR272W-A_YBR141W-A	0	0	0	0	0	0.0571911408611889	0
YPL189C-A_YOR302W	0	0	0	0	0	0.0563198155002284	0.065129327018864
YOR302W_YEL008C-A	0	0	0	0	0	0.0509281013704015	0
YOR302W_YPL189C-A	0	0	0	0	0	0.0550264324568352	0.0635800280899861
YOR302W_snR39B	0	0	0	0	0	0.0658109114151865	0
YOR302W_snR79	0	0	0	0	0	0.0818699362092806	0.10420324616748
YJR151W-A_snR61	0	0	0	0	0	0.0671648854655626	0.0623173589950233
YJR151W-A_YBL071C-B	0	0	0	0	0	0.089984513042249	0
YJR151W-A_snR71	0	0	0	0	0	0.104282672811179	0.103777440463189
YJR151W-A_snR58	0	0	0	0	0	0.0866416233997794	0.116083818290993
YJR151W-A_snR75	0	0	0	0	0	0.15438737481613	0.196202898942353
YJR151W-A_snR24	0	0	0	0	0	0.15520463805317	0.159716924033828
YJR151W-A_snR51	0	0	0	0	0	0.0758164696783738	0.0692583777650837
YJR151W-A_snR53	0	0	0	0	0	0.0566430401264299	0.0428305330353203
YJR151W-A_YHL015W-A	0	0	0	0	0	0.178106018237901	0.153323396250493
YJR151W-A_YLR154W-F	0	0	0	0	0	0.328164337274035	0.331075861264739
YJR151W-A_YDL114W-A	0	0	0	0	0	0.116240839695783	0.0983587927600083
YBR141W-A_YEL032C-A	0	0	0	0	0	0.0790103629371284	0
YBR141W-A_YNL097W-A	0	0	0	0	0	0.0548153548297626	0.0627185325878272
YBR141W-A_YMR272W-A	0	0	0	0	0	0.055783596534385	0
snR39_YHR073W-A	0	0	0	0	0	0.0601632694837809	0.0519877593481844
snR39_YMR182W-A	0	0	0	0	0	0.0673532575397918	0.0550108281267841
snR79_YPR182W	0	0	0	0	0	0.0553147751990268	0.0490173262674626
snR79_YLR402W	0	0	0	0	0	0.0770967567805306	0.0743982868758003
snR79_YDR276C	0	0	0	0	0	0.0501843578021839	0
snR79_YNL097W-A	0	0	0	0	0	0.0590726137117131	0.0615973419057024
snR79_snR128	0	0	0	0	0	0.0525738177453802	0.0604585928816687
snR79_YMR272W-A	0	0	0	0	0	0.0506967579916254	0
snR79_YOR302W	0	0	0	0	0	0.0866600605487457	0.108379812529243
snR79_YDR524C-B	0	0	0	0	0	0.0523087172720083	0.0428760423196214
snR79_YPL135C-A	0	0	0	0	0	0.057273103286937	0.058792895422493
YLR154W-F_YJR151W-A	0	0	0	0	0	0.326515758121328	0.330502855358153
