	weight_1	weight_2	weight_3	weight_4	weight_5	weight_6	weight_7
YPR182W_YOL039W	0.0105403114178809	0.00736756776272948	0	0	0.0107999820877728	0.00742336554343465	0.00720689986274494
snR77_YBR252W	0.0106984915985004	0	0	0	0	0	0
snR77_YLR062C	0.0110132278629528	0	0	0	0	0	0
snR77_YGR063C	0.0125315681119823	0	0	0	0	0	0
snR77_YLR402W	0.0407035641478918	0	0	0	0	0	0.0299293713533628
snR77_YDL061C	0.0389705899376183	0	0	0.0739668829270314	0	0	0
snR77_YML129C	0.0457613336028126	0	0	0.0893109182502088	0	0	0
snR77_YDR276C	0.0357086596937868	0	0	0.0560585820893497	0	0	0
snR77_YPL136W	0.0133884308430004	0	0	0	0	0	0
snR77_YDR193W	0.010300738222603	0	0	0	0	0	0
snR77_YDL184C	0.0552134838661273	0	0	0.0937397120815251	0	0	0
snR77_YGL030W	0.010696713594708	0	0	0	0	0	0
snR77_YOR146W	0.0110547115431669	0	0	0	0	0	0
snR77_YNL086W	0.0121772046596254	0	0	0	0	0	0
snR77_snR13	0.017520194962844	0	0	0	0	0	0
snR77_YLR185W	0.0176588489588711	0	0	0	0	0	0
snR77_snR85	0.0227753055905377	0	0	0	0	0	0
snR77_snR65	0.0310733025611164	0	0	0	0	0	-0.00746355384522072
snR77_YIL052C	0.0114993494423659	0	0	0	0	0	0
snR77_YGR105W	0.0148973835299808	0	0	0	0	0	0
snR77_YOR167C	0.0176689094478128	0	0	0	0	0	0
snR77_YJR085C	0.012694900008271	0	0	0	0	0	0
snR77_YDR500C	0.010188441730073	0	0	0	0	0	0
YDL232W_snR64	0.0606839464006097	0.0879628368241726	0.0899176922109426	0.0834976956744696	0	0	0
YDL232W_snR24	0.044280561624167	0	0	0	0	0	0
snR18_snR39	0.184635135738049	0.118016287863027	0.124896372039276	0.14927955524917	0.172049412103885	0.206599166562072	0.182845728091289
YLR402W_snR77	0.0381228855990584	0	0.0528673065100678	0.0525737569488505	0	0	0
YLR402W_YPL136W	0.0100115750818757	0.00892143490572928	0.00763270867862709	0	0.0115478791812493	0	0
YLR402W_YLR388W	0.0118256518796734	0	0	0	0	0	0
YLR402W_snR85	0.0183000059818553	0	0	0	0	0	0
YLR402W_YGR105W	0.0112639111630399	0.011629833073314	0.0113993824514581	0.0114031639993612	0	0	0
snR76_snR54	0.014116846525044	0	0	0	0.0195755987043152	0	0
snR76_snR74	0.0314774329858052	0	0	0	0	0	0
snR87_YNL145W	0.0117510938579385	0.015401039588569	0.0147298436463254	0	0	0.016058295417927	0
snR87_snR38	0.0176524617151412	0	0	0	0	0.0110429245354316	0
YML129C_YLR062C	0.0106744221093087	0	0	0	0	0	0
YML129C_YDL184C	0.0472970184861454	0.0484824754488533	0.0494654336814441	0.0500252245994034	0	0	0
YML129C_YLR185W	0.0164518152162321	0	0	0	0.0151644243784537	0	0.00543385489381307
YML129C_snR65	0.0276266626453767	0	0.0285424950651428	0.0280766654693936	0	0	0
YML129C_YIL052C	0.0104124582225929	0	0	0	0	0	0.00323148779238549
YDR276C_YLR402W	0.0246125312937861	0.0229119493202243	0	0	0.0497569522138966	0.033813344873988	0.0389626625035502
YDR276C_snR13	0.0107572524241399	0.00931661187213558	0.00945383842950794	0.0092599005378117	0	0	0.00894387676832305
YDR276C_YOR167C	0.0109350225388578	0	0	0	0	0	0
snR64_YDL232W	0.0619074992803541	0.0902387011560938	0.0913796079148397	0.0867578984500021	0	0	0.0393844159561619
snR128_YJL205C	0.0176204822399627	0.0217459793639554	0.0233101407601112	0	0	0	0
snR128_snR18	0.0624366180866404	0.0656629943208209	0.0607083075589074	0.0460950281305343	0	0	-0.0450164798604231
snR58_snR64	0.0195550478045941	0	0.019296605829547	0	0.0134262547598758	0	0
snR40_snR87	0.0506167064594675	0.0291899937975704	0	0	0.0209736560113601	0.0241049106842713	0
snR40_YOR302W	0.0410070571826435	0.032834875071876	0.0347926969985779	0	0.0332502443609652	0	0.0426292312144571
snR40_YDL067C	0.0256308044564759	0.0155952156551018	0	0	0.0121489592005011	0	0
snR67_snR38	0.020515613149378	0	0	0	0	0	0
snR67_snR55	0.0578311763257477	0	0	0	0	0	0
snR67_snR39B	0.0833717246672516	0	0	0	0	0	0
snR67_snR79	0.142046096788779	0.153481161110071	0.113738808557069	0	0	0	0
YOR302W_YJL205C	0.0226521033780866	0	0	0	0	0	0
YOR302W_YPR183W	0.0100872131384019	0	0	0	0	0	0
YOR302W_snR40	0.0414548369898109	0.0347894164736331	0	0	0	0	0
YOR302W_YLR264W	0.0187147781154772	0.0170854160972405	0	0	0	0	0
YOR302W_YJL136C	0.0111571571024098	0	0	0	0	0	0
snR39_snR61	0.0127528192802985	0	0	0	0	0	0
snR39_YJL205C	0.0472175640933675	0	0.0471408572394722	0.0572780324301522	0	0	0
snR39_snR18	0.180879785450929	0.115364741371401	0.119495715530745	0.146133059089427	0.172256436771327	0.206356522206158	0.185452329073319
snR39_snR87	0.114000106299134	0.0758394074134836	0.0865730322154882	0.127226886310558	0	0.0832095258318601	0
snR39_YNL145W	0.0165236143264176	0.0243210318633472	0.0221027144719339	0	0	0.0397371824725087	0
snR39_snR60	0.0187373851619466	0.029377311181351	0.0282412618519275	0.0305936054940934	0	0	0
snR39_snR128	0.0766713962985261	0.0729410261761864	0.0704629442925978	0.0566971815162044	0	0	0
snR39_YPL047W	0.0138939379145268	0.0141735171110061	0.0138221283191907	0.0149598232710808	0	0	0
snR39_snR40	0.0878165387297872	0	0.0766187500682446	0.0879270298291444	0	0	0
snR39_snR38	0.026257734915843	0.0455767095598464	0.0503010759670934	0.0577359739470038	0	0.0251293129515171	0
snR39_YOR302W	0.0869469222584387	0	0	0.0782210209629591	0	0	0
snR39_YKR057W	0.0510274311968408	0.0583077081815276	0.0623213930394455	0.0672884110593373	0	0	0
snR39_YDL067C	0.0606729878375622	0	0	0.0341771933288497	0	0	0
snR39_YLR230W	0.0167103886567729	0.0214420627234106	0.0222678287449728	0.0216161398966191	0	0	0
snR39_snR80	0.010641930891219	0.00774281010621675	0.0083452603851453	0.00890877686656486	0	0	0
snR39_YJL136C	0.02632230658757	0.0239086899946925	0.0231840301067375	0.0199656462893991	0	0	0
snR39_YJR146W	0.0117653031983988	0	0	0	0	0	0
snR39_snR72	0.0260013455649158	0.0386812172988238	0.0398682804713792	0.0518985507113415	0	0.0344975832032536	0
snR39_snR70	0.012240323204738	0	0	0	0.015140303282789	0.011712338714517	0
snR39_YDR185C	0.0109482039817485	0	0.00762439337582852	0	0	0	0
snR39_YJL118W	0.0132939448741291	0	0	0	0	0	0
snR39_YNL028W	0.0185410848582138	0	0	0	0	0	0
snR39_snR55	0.0681433361841691	0	0.0426364044186228	0.074284340484101	0	0	0
snR39_snR59	-0.107466459885162	0	0	0.036131664103737	0	0.0659624031161528	0
snR39_snR36	0.013953252849755	0	0	0	0	0	0
snR39_snR39B	0.110162188339509	0	0	0	0	0	0
snR39_YPL252C	0.0167289621520304	0.0161018090319056	0.0157370138421179	0.016609073958817	0	0	0
snR39B_snR87	0.0643238939325378	0.0420140422705316	0	0	0	0	0.0212470304687315
snR79_RNA170	0.0222432787079943	0	0	0	0	0	0
snR79_YLR333C	0.0105388505522598	0	0	0	0	0	0
snR79_YDL232W	0.133760110897819	0	0.124883535722173	0.139416841741612	0	0	0
snR79_snR64	0.114715444075777	0.0856313720882962	0	0	0.0797507690257347	0	0
snR79_snR66	0.116881346926491	0.127121439467093	0.086495561659794	0.0385766841502353	0	0	0
snR79_snR74	0.0865477697307854	0.0981441008323038	0.0725992745288737	0.0490160918777016	0	0	0
snR79_YDL184C	-0.12609358827767	-0.0915872534568137	0	0	0	0	0
snR79_YDR016C	0.0127629289255545	0	0	0	0	0	0
snR79_snR67	0.148025025395861	0.156988560288398	0.113579065711468	0	0	0	0
snR79_snR6	0.0181339540228669	0.0159735930191344	0.0222248371050637	0.0240945523512405	0	0	0
snR79_snR10	0.0162873175031462	0	0.0161552808166808	0.0210793484644508	0	0	0
snR79_snR55	0.0806829267906619	0.0593204329967648	0	0	0	0	0
